965
37800
85050
15680
84
7785
524288
118272
482421315
2430
25490988
3510
3371
3900
47
163296
8660
226800
64
259200
82268566
200000
217728
136080
524880
9409159
699840
408240
2688
91
51
23115571
32076
19008
150528
6552
54
116640
10000
112896
74088
4410
473
2730
10500
31200
7
95040
29
1440
5520
16
2618049
476014
108000
115200
2560
31590
432255
964532929
3360
29120
3024
7040
131
45
41472
700
58800
66528
29484
414720
41600
153600
59136
186624
327680
459270
27184698
98
4560
236250
314928
1764
13122
120
17550
157464
4539685
2097152
71280
16200
67500
69120
122
7290
696
567
56160
38
35280
76032
27720
134400
281250
3600
52800
5250
34848
11340
142560
5000
20328
364500
33
57
323
4160
59
1000000
40320
13440
307200
587234
39936
78000
129
182250
28672
164640
42755209
11264
16464
34300
7025
11000
13860
576
114688
916855204
816
56
4488
36
8320
92
72900
112
468
12000
60
6804
28800
4
78
38880
102
8424
8448
67893369
10752
3564
987
15400
30240
10
59400
4788
8372259
4173641
782
15750
9450
746803744
994617
792
78750
110592
50
14688
442368
15876
135000
256000
291600
1323
10260
630
3
22950
4655
18720
42336
75264
168960
31500
106
226151256
2592
967669583
20
193536
11232
110250
3584
69
912
48600
35640
12096
9600
45360
35503
1615
96228
1386
176400
3000
76800
48384
57624
50400
79
56448
340200
103680
194400
30030
5346
170
75
5184
216
4536
45000
4680
954158175
552960
31104
540
84579
123480
42
85
17424
98415
989447237
28
1890
5120
11016
192
63360
536870912
192000
998244353
4914
480000
202500
38400
420
69888
76
430080
30720
113
179200
184320
117
22500
61966
105840
115
80
2707
24000
5044
9489
7455307
6037
11085765
233280
559
73
282791
9827
129600
27456
999999999
57600
6750
57024
368640
101
6400
12348
94080
81920
1800
49920
349920
105600
18480
107
51030
14700
20000
198450
16800
84000
209952
7296
3072
8000
44
641
810
6930
432000
1512
362880
949106497
81648
105
2200
172800
133650
864
121
21952
281
43200
49280
96000
12960
14112
983900459
63504
640
7897861
268800
1848
625433749
144000
6541551
116
16380
53
58054077
34111
53760
7392
986129769
1260
10560
12544
6840
54000
288
127008
31752
74880
346742385
64680
4752
88
5297
20160
66
1920
922505446
21
42120
77760
168000
20592
49152
162000
33401221
8772
122880
119
4320
5824
17920
52
70
5616
19
6765
938017885
64800
95
85536
91857
145800
92400
67200
40950
67
3780
94
999999998
8015864
388800
961175759
29160
518400
29700
1056
51840
900360029
25002
999999937
31680
8250
660
23400
4704
486000
373248
457481
7128
4200
362
22680
46
300000
4896
126
7560
84240
118
128000
320
8
288000
104976
44800
8960
112000
3864
9504
225792
15120
621008
65
64512
441
2906162
201600
322560
1817
1671
34560
92317161
211680
622080
174960
5040
30
53940
27000
49392
345600
248832
6480
1632
165888
75600
241920
18
5600
31
13500
7938
17640
43740
37
64922375
132000
215040
32640
22464
79548
70000
2025
48238
21168
18240
3645
1520
244944
6399199
32256
23232
311040
1680
26
16128
8100
32
96768
142884
44550
109
28512
194241
107520
70235461
29952
90
5304
4725
9180
24576
11
20736
361
460800
12870
7500
124416
5601
21504
147456
170100
55
1600
448
30973
180
697106497
4480
393216
13824
391
54600
221184
87
33792
13
4374
10080
33696
15288
19656
8347
67584
61740
2070
49500
69984
33750
1620
2431
2304
29250
262440
805306368
82
9
224
118263990
125440
510205
4733
5376
768
28000
155520
18432
72000
82944
12150
25920
145152
5808
1100
2100
466560
97200
60480
813
93312
546750
214573
99840
169344
26880
1836
294912
180000
172032
5657
306180
98304
79200
301056
84480
7200
94770
12672
44928
49896
74
216000
47628
1904
34020
243000
150000
196608
94500
48
42105
646
4050
395
19440
3528
7920
49000
16524
24192
86400
1530
7389
71805
2352
49
2
405000
124
240000
43
279936
9425
21600
6075
99
16000
99000
93
1
23100
5760
108
28080
131220
1584
2940
123
5
36283838
583200
33108
235200
14040
5200
83
57344
1215
6300
22176
135
4000
73728
96
12240
64152
2250
36864
2880
20480
160
13230
2400
257
546
589824
103
9900
8640
1824
17280
1249
100696425
10368
47958485
21383
71
491520
47040
300
2156
86
9240
4675
5625
2520
472392
90720
900
46464
998506315
1001604
128
40824
62
322081025
9408
926315427
3168
4800
302400
25
50544
32805
63000
4620
1701
32670
5073
8550
276480
43680
2720
517759
6720
969
141120
5400
85881
22848
9000
181440
115248
8624
14560
2310
161280
40
23
48510
7390
80949857
95256
2640
72576
4312
8064
3157819
163840
55296
105000
108864
3312
8087519
375000
3696
21870
204120
101250
18816
89100
3120
655360
7056
19800
65536
2736
9216
65610
18000
10800
14336
504
189
12800
37440
8208
131980
97
7776
23328
673921
360000
24696
27216
6
5280
7680
19200
3456
653477439
1000000000
21000
22
80640
13680
12768
63
151200
336000
70560
193
4943
26460
8976
1008
58
4158
24
66150
519
1500
2160
6144
14400
24750
52488
1960
9800
725573
38497
10710
16224
132300
5721
61440
614400
5767201
42000
32400
787320
110
409342369
54880
1944
15552
81000
393660
125
77
1741
665
17136
252000
32000
2016
270000
47473
1134
102060
41580
3264
5361
46080
17
474
633
92160
126720
89
3375
9100
42768
786432
50000
688978813
1048576
2403381
3240
36960
111
396
39600
25600
35100
100800
3509575
13056
85712697
34
15390
25200
17820
40960
70400
127
54432
87480
23814
35
16320
118800
122877509
6000
62208
32768
11664
24480
72
15
120000
3960
8748
981028563
50688
2268
68040
83160
501
15840
21384
139968
89600
34944
8826131
2376
2340
245760
86016
230400
14
4608
4032
21840
52920
23040
58320
331776
2600
68
8400
2000
207360
904152917
24300
10240
33600
70200
88704
104
324000
63180
1001
56700
138240
934
5940
48000
81
589833267
971866761
957262828
129024
23760
60000
12288
8316
672
29400
38016
1728
