Case #1: 18 1 1 1 1 1 1 1 1 1 2 2 2 3 3 3 5 5 7 
Case #2: 16 1 1 1 1 1 1 1 2 3 3 3 3 3 5 5 7 
Case #3: 19 1 1 1 1 1 1 1 1 1 1 2 2 2 2 2 2 5 7 7 
Case #4: 31 1 1 1 1 1 1 1 1 1 1 1 1 1 1 1 1 1 1 1 1 1 1 1 1 1 1 1 2 2 3 7 
Case #5: -1
Case #6: 22 1 1 1 2 2 2 2 2 2 2 2 2 2 2 2 2 2 2 2 2 2 2 
Case #7: 14 1 1 2 2 2 2 2 2 2 2 2 3 7 11 
Case #8: -1
Case #9: 26 1 1 1 1 1 1 1 1 1 1 1 1 1 1 1 1 1 1 1 2 3 3 3 3 3 5 
Case #10: -1
Case #11: 18 1 1 1 1 1 1 1 1 1 1 1 1 2 3 3 3 5 13 
Case #12: -1
Case #13: 17 1 1 1 1 1 1 1 1 1 1 1 2 2 3 5 5 13 
Case #14: -1
Case #15: 18 1 1 1 1 1 1 2 2 2 2 2 3 3 3 3 3 3 7 
Case #16: -1
Case #17: 15 1 1 1 1 2 2 2 2 3 3 3 3 5 5 7 
Case #18: 35 1 1 1 1 1 1 1 1 1 1 1 1 1 1 1 1 1 1 1 1 1 1 1 1 1 1 1 1 1 2 2 2 2 2 2 
Case #19: 18 1 1 1 1 1 2 2 2 2 2 2 2 3 3 3 3 5 5 
Case #20: -1
Case #21: 15 1 1 1 1 2 2 2 2 2 2 5 5 5 5 5 
Case #22: 18 1 1 1 1 1 2 2 2 2 2 2 2 3 3 3 3 3 7 
Case #23: 17 1 1 1 1 1 1 2 2 2 2 3 3 3 3 3 5 7 
Case #24: 17 1 1 1 1 2 2 2 2 3 3 3 3 3 3 3 3 5 
Case #25: -1
Case #26: 17 1 1 1 2 2 2 2 2 2 3 3 3 3 3 3 3 5 
Case #27: 15 1 1 1 2 2 2 2 3 3 3 3 3 3 5 7 
Case #28: 26 1 1 1 1 1 1 1 1 1 1 1 1 1 1 1 1 1 2 2 2 2 2 2 2 3 7 
Case #29: 23 1 1 1 1 1 1 1 1 1 1 1 1 1 1 1 1 1 1 1 1 1 7 13 
Case #30: 23 1 1 1 1 1 1 1 1 1 1 1 1 1 1 1 1 1 1 1 1 1 3 17 
Case #31: -1
Case #32: 17 1 1 1 1 1 1 1 1 2 2 3 3 3 3 3 3 11 
Case #33: 19 1 1 1 1 1 1 1 1 1 2 2 2 2 2 2 3 3 3 11 
Case #34: 17 1 1 1 1 2 2 2 2 2 2 2 2 2 2 3 7 7 
Case #35: 16 1 1 1 1 1 1 1 1 1 2 2 2 3 3 7 13 
Case #36: 34 1 1 1 1 1 1 1 1 1 1 1 1 1 1 1 1 1 1 1 1 1 1 1 1 1 1 1 1 1 1 2 3 3 3 
Case #37: 20 1 1 1 1 1 1 1 1 2 2 2 2 2 3 3 3 3 3 3 5 
Case #38: 21 1 1 1 1 1 1 1 1 1 1 1 1 1 2 2 2 2 5 5 5 5 
Case #39: 17 1 1 1 1 1 2 2 2 2 2 2 2 2 3 3 7 7 
Case #40: 14 1 1 1 1 1 2 2 2 3 3 3 7 7 7 
Case #41: 20 1 1 1 1 1 1 1 1 1 1 1 1 1 1 2 3 3 5 7 7 
Case #42: -1
Case #43: 16 1 1 1 1 1 1 1 1 1 1 1 2 3 5 7 13 
Case #44: 19 1 1 1 1 1 1 1 1 1 1 1 1 2 2 3 5 5 5 7 
Case #45: 14 1 1 1 1 1 2 2 2 2 2 3 5 5 13 
Case #46: 35 1 1 1 1 1 1 1 1 1 1 1 1 1 1 1 1 1 1 1 1 1 1 1 1 1 1 1 1 1 1 1 1 1 1 7 
Case #47: 15 1 1 1 1 2 2 2 2 2 2 3 3 3 5 11 
Case #48: 13 1 1 1 1 1 1 1 1 1 1 1 1 29 
Case #49: 28 1 1 1 1 1 1 1 1 1 1 1 1 1 1 1 1 1 1 1 1 2 2 2 2 2 3 3 5 
Case #50: 9 1 1 2 2 2 2 3 5 23 
Case #51: 37 1 1 1 1 1 1 1 1 1 1 1 1 1 1 1 1 1 1 1 1 1 1 1 1 1 1 1 1 1 1 1 1 1 2 2 2 2 
Case #52: -1
Case #53: -1
Case #54: 18 1 1 1 1 1 1 1 2 2 2 2 2 3 3 3 5 5 5 
Case #55: 20 1 1 1 1 1 1 1 2 2 2 2 2 2 2 2 2 3 3 5 5 
Case #56: 28 1 1 1 1 1 1 1 1 1 1 1 1 1 1 1 1 1 1 2 2 2 2 2 2 2 2 2 5 
Case #57: 14 1 1 1 1 1 1 2 3 3 3 3 3 5 13 
Case #58: -1
Case #59: -1
Case #60: 24 1 1 1 1 1 1 1 1 1 1 1 1 1 1 1 1 2 2 2 2 2 3 5 7 
Case #61: 13 1 1 1 1 2 2 2 2 2 2 5 7 13 
Case #62: 25 1 1 1 1 1 1 1 1 1 1 1 1 1 1 1 1 1 2 2 2 2 3 3 3 7 
Case #63: 20 1 1 1 1 1 1 1 1 1 1 1 2 2 2 2 2 2 2 5 11 
Case #64: -1
Case #65: 33 1 1 1 1 1 1 1 1 1 1 1 1 1 1 1 1 1 1 1 1 1 1 1 1 1 1 1 1 1 1 3 3 5 
Case #66: 24 1 1 1 1 1 1 1 1 1 1 1 2 2 2 2 2 2 2 2 2 3 3 3 3 
Case #67: 25 1 1 1 1 1 1 1 1 1 1 1 1 1 1 1 1 1 1 1 1 2 2 5 5 7 
Case #68: 15 1 1 1 1 1 1 2 2 2 2 3 5 5 7 7 
Case #69: 14 1 1 1 1 2 2 2 2 2 3 3 3 7 11 
Case #70: 13 1 1 1 1 1 2 2 3 3 3 3 7 13 
Case #71: 19 1 1 1 1 2 2 2 2 2 2 2 2 2 2 3 3 3 3 5 
Case #72: 14 1 1 1 1 2 2 2 2 2 2 2 5 5 13 
Case #73: 20 1 1 1 1 1 1 2 2 2 2 2 2 2 2 2 2 2 3 5 5 
Case #74: 15 1 1 1 1 2 2 2 2 2 2 2 2 3 7 11 
Case #75: 21 1 1 1 1 1 1 1 2 2 2 2 2 2 2 2 3 3 3 3 3 3 
Case #76: 21 1 1 1 1 2 2 2 2 2 2 2 2 2 2 2 2 2 2 2 2 5 
Case #77: 14 1 1 1 2 3 3 3 3 3 3 3 3 5 7 
Case #78: -1
Case #79: 28 1 1 1 1 1 1 1 1 1 1 1 1 1 1 1 1 1 1 1 1 1 1 1 1 1 2 7 7 
Case #80: 13 1 1 1 1 1 1 2 2 2 2 3 5 19 
Case #81: 12 1 1 1 2 3 3 3 5 5 5 5 7 
Case #82: 19 1 1 1 1 1 1 2 2 2 2 3 3 3 3 3 3 3 3 3 
Case #83: 23 1 1 1 1 1 1 1 1 1 1 1 1 1 1 1 1 1 2 2 3 3 7 7 
Case #84: 24 1 1 1 1 1 1 1 1 1 1 1 1 1 1 1 2 3 3 3 3 3 3 3 3 
Case #85: 32 1 1 1 1 1 1 1 1 1 1 1 1 1 1 1 1 1 1 1 1 1 1 1 1 1 1 1 2 2 2 3 5 
Case #86: 14 1 1 1 1 1 1 1 2 3 3 3 5 5 13 
Case #87: 20 1 1 1 1 1 1 1 1 2 2 2 3 3 3 3 3 3 3 3 3 
Case #88: -1
Case #89: -1
Case #90: 15 1 1 1 1 1 2 2 2 2 3 3 3 3 5 11 
Case #91: 22 1 1 1 1 1 1 1 1 1 1 1 1 1 2 2 2 3 3 3 3 5 5 
Case #92: 17 1 1 1 1 1 1 1 1 2 2 3 3 3 5 5 5 5 
Case #93: 22 1 1 1 1 1 1 1 1 1 2 2 2 2 2 2 2 2 2 3 3 3 5 
Case #94: -1
Case #95: 24 1 1 1 1 1 1 1 1 1 1 1 1 1 1 1 1 2 3 3 3 3 3 3 5 
Case #96: 8 1 1 1 2 2 2 3 29 
Case #97: 27 1 1 1 1 1 1 1 1 1 1 1 1 1 1 1 1 1 1 1 1 1 1 3 3 3 3 7 
Case #98: 14 1 1 1 1 2 2 2 2 2 3 3 3 5 13 
Case #99: 22 1 1 1 1 1 1 1 1 1 1 1 1 1 1 1 1 1 1 1 1 2 19 
Case #100: 17 1 1 1 1 1 1 1 1 2 2 2 2 3 3 5 7 7 
Case #101: 17 1 1 1 1 1 2 2 2 2 2 2 2 2 3 3 3 11 
Case #102: 14 1 1 1 1 1 1 2 2 2 3 3 5 7 11 
Case #103: 17 1 1 1 1 1 2 2 2 2 2 2 2 2 3 5 5 7 
Case #104: 12 1 1 1 2 3 3 5 5 5 5 5 5 
Case #105: 25 1 1 1 1 1 1 1 1 1 1 1 1 1 1 1 1 1 2 2 2 2 3 3 5 5 
Case #106: 15 1 1 1 1 1 2 2 2 2 2 2 3 5 5 11 
Case #107: 20 1 1 1 1 1 1 1 1 1 1 1 1 1 1 2 3 5 5 5 7 
Case #108: 12 1 1 1 2 2 2 2 2 3 3 11 11 
Case #109: 21 1 1 1 1 1 1 1 1 1 1 1 1 1 2 2 3 3 3 3 5 7 
Case #110: 14 1 1 1 2 2 2 2 2 3 3 3 3 5 11 
Case #111: 22 1 1 1 1 1 1 1 1 1 1 1 1 1 1 1 2 2 2 5 5 5 5 
Case #112: 10 1 1 1 2 2 2 3 7 11 11 
Case #113: 15 1 1 1 1 2 2 3 3 3 3 3 3 5 5 5 
Case #114: 29 1 1 1 1 1 1 1 1 1 1 1 1 1 1 1 1 1 1 1 1 1 1 1 1 1 1 1 3 11 
Case #115: 21 1 1 1 1 1 1 1 1 1 1 1 1 1 1 1 1 1 1 1 3 19 
Case #116: 7 1 1 1 1 1 17 19 
Case #117: 19 1 1 1 1 1 1 1 1 1 1 1 2 2 2 2 2 2 5 13 
Case #118: -1
Case #119: -1
Case #120: 20 1 1 1 1 1 1 1 1 1 2 2 2 2 2 2 2 3 3 5 7 
Case #121: 22 1 1 1 1 1 1 1 1 1 1 1 1 2 2 2 2 2 2 2 3 5 7 
Case #122: 19 1 1 1 1 2 2 2 2 2 2 2 2 2 2 2 2 3 5 5 
Case #123: -1
Case #124: 17 1 1 1 1 1 2 2 2 2 2 2 2 2 2 2 3 13 
Case #125: 11 1 1 2 2 2 2 3 5 5 5 13 
Case #126: -1
Case #127: 16 1 1 1 1 1 1 2 3 3 3 3 3 3 5 5 5 
Case #128: 23 1 1 1 1 1 1 1 1 1 1 2 2 2 2 2 2 2 2 2 2 2 2 7 
Case #129: 12 1 1 2 2 2 2 2 3 5 7 7 7 
Case #130: -1
Case #131: 21 1 1 1 1 1 1 1 1 1 1 2 2 2 2 2 2 2 2 2 2 11 
Case #132: 17 1 1 1 1 1 1 1 1 1 2 2 2 2 3 7 7 7 
Case #133: 13 1 1 1 1 1 1 2 2 5 5 7 7 7 
Case #134: -1
Case #135: 16 1 1 1 1 1 1 1 1 1 2 2 2 5 5 5 11 
Case #136: 15 1 1 1 1 1 1 1 1 2 2 3 3 5 7 11 
Case #137: 31 1 1 1 1 1 1 1 1 1 1 1 1 1 1 1 1 1 1 1 1 1 1 1 2 2 2 2 2 2 3 3 
Case #138: 21 1 1 1 1 1 1 2 2 2 2 2 2 2 2 2 2 2 2 2 2 7 
Case #139: -1
Case #140: 19 1 1 1 1 1 1 1 1 1 1 1 1 1 2 2 2 2 3 17 
Case #141: 32 1 1 1 1 1 1 1 1 1 1 1 1 1 1 1 1 1 1 1 1 1 1 1 1 1 1 1 1 2 2 2 7 
Case #142: 10 1 1 1 1 2 2 2 3 11 17 
Case #143: 35 1 1 1 1 1 1 1 1 1 1 1 1 1 1 1 1 1 1 1 1 1 1 1 1 1 1 1 1 1 1 1 2 2 3 3 
Case #144: 18 1 1 1 1 1 1 1 1 1 2 2 2 2 2 2 2 5 13 
Case #145: 17 1 1 1 1 1 1 1 1 1 1 1 1 1 1 2 2 23 
Case #146: 19 1 1 1 1 1 1 1 1 1 2 2 3 3 3 3 3 3 5 5 
Case #147: 31 1 1 1 1 1 1 1 1 1 1 1 1 1 1 1 1 1 1 1 1 1 1 1 1 1 1 2 2 2 2 7 
Case #148: 23 1 1 1 1 1 1 1 1 1 1 1 1 1 1 1 1 1 1 2 2 3 3 13 
Case #149: 22 1 1 1 1 1 1 1 1 1 1 1 1 1 2 2 2 2 2 3 5 5 5 
Case #150: 33 1 1 1 1 1 1 1 1 1 1 1 1 1 1 1 1 1 1 1 1 1 1 1 1 1 1 1 1 1 2 2 3 5 
Case #151: 23 1 1 1 1 1 1 1 1 1 1 1 1 1 1 1 2 2 3 3 3 3 3 7 
Case #152: 22 1 1 1 1 1 1 1 1 1 1 1 2 2 2 2 2 2 2 3 3 5 5 
Case #153: 39 1 1 1 1 1 1 1 1 1 1 1 1 1 1 1 1 1 1 1 1 1 1 1 1 1 1 1 1 1 1 1 1 1 1 1 1 1 2 2 
Case #154: 26 1 1 1 1 1 1 1 1 1 1 1 1 1 1 1 1 1 1 1 1 1 1 1 2 3 13 
Case #155: 22 1 1 1 1 1 1 1 1 1 1 1 2 2 2 2 2 3 3 3 3 3 5 
Case #156: 22 1 1 1 1 1 1 1 1 1 1 1 1 1 1 1 1 1 1 1 2 3 17 
Case #157: 18 1 1 1 1 1 1 1 1 1 1 2 2 2 3 3 3 3 13 
Case #158: 21 1 1 1 1 1 1 1 1 1 1 1 2 2 2 2 2 2 2 2 3 11 
Case #159: -1
Case #160: 24 1 1 1 1 1 1 1 1 1 1 1 1 1 2 2 2 2 2 2 2 2 2 3 7 
Case #161: 21 1 1 1 1 1 1 1 1 1 1 1 1 1 1 2 2 3 3 3 3 11 
Case #162: -1
Case #163: 14 1 1 1 1 1 1 1 2 2 2 5 5 7 11 
Case #164: 20 1 1 1 1 1 1 1 1 1 1 2 2 2 2 2 3 3 3 5 7 
Case #165: 36 1 1 1 1 1 1 1 1 1 1 1 1 1 1 1 1 1 1 1 1 1 1 1 1 1 1 1 1 1 1 1 1 1 1 2 5 
Case #166: 14 1 1 1 1 1 2 2 2 3 3 3 5 5 11 
Case #167: 11 1 1 1 1 1 2 2 3 3 7 19 
Case #168: -1
Case #169: -1
Case #170: -1
Case #171: 18 1 1 1 1 1 1 1 1 1 1 1 2 3 3 5 5 5 7 
Case #172: 20 1 1 1 1 1 1 1 1 1 1 1 1 1 2 3 3 3 5 5 7 
Case #173: -1
Case #174: -1
Case #175: 24 1 1 1 1 1 1 1 1 1 1 1 1 1 1 1 1 1 1 2 2 2 3 3 11 
Case #176: 14 1 1 1 1 1 1 2 3 3 5 5 5 5 7 
Case #177: 23 1 1 1 1 1 1 1 1 2 2 2 2 2 2 2 2 2 2 2 2 3 3 3 
Case #178: 32 1 1 1 1 1 1 1 1 1 1 1 1 1 1 1 1 1 1 1 1 1 1 1 1 1 1 1 1 1 2 5 5 
Case #179: 14 1 1 1 1 1 2 2 2 2 2 3 3 3 17 
Case #180: 21 1 1 1 1 2 2 2 2 2 2 2 2 2 2 2 2 2 2 3 3 3 
Case #181: 19 1 1 1 1 1 1 1 1 1 1 1 2 2 3 3 3 3 7 7 
Case #182: 16 1 1 1 1 1 1 2 2 2 3 3 3 5 5 5 5 
Case #183: 18 1 1 1 1 2 2 2 2 2 2 2 2 2 2 2 5 5 5 
Case #184: 17 1 1 1 1 1 2 2 2 2 3 3 3 3 3 3 5 5 
Case #185: 23 1 1 1 1 1 1 1 1 1 1 1 1 1 1 1 1 1 1 3 3 3 7 7 
Case #186: 11 1 1 1 1 2 2 3 3 3 5 19 
Case #187: 26 1 1 1 1 1 1 1 1 1 1 1 1 1 1 1 1 1 1 1 1 1 2 3 3 5 7 
Case #188: 39 1 1 1 1 1 1 1 1 1 1 1 1 1 1 1 1 1 1 1 1 1 1 1 1 1 1 1 1 1 1 1 1 1 1 1 1 1 1 3 
Case #189: 10 1 1 1 2 3 3 3 5 5 17 
Case #190: 7 1 1 1 5 7 7 19 
Case #191: 16 1 1 1 1 1 1 1 2 2 2 2 2 3 3 5 13 
Case #192: 18 1 1 1 1 1 1 1 1 2 2 2 2 2 3 3 3 7 7 
Case #193: 18 1 1 1 1 1 1 2 2 2 2 2 2 2 2 2 3 7 7 
Case #194: 15 1 1 2 2 2 2 2 2 2 2 2 2 3 5 11 
Case #195: 17 1 1 1 1 1 1 1 1 1 2 2 3 3 5 5 5 7 
Case #196: -1
Case #197: -1
Case #198: 28 1 1 1 1 1 1 1 1 1 1 1 1 1 1 1 1 1 1 1 2 2 2 2 2 3 3 3 3 
Case #199: -1
Case #200: 35 1 1 1 1 1 1 1 1 1 1 1 1 1 1 1 1 1 1 1 1 1 1 1 1 1 1 1 1 1 1 1 1 2 2 5 
Case #201: 19 1 1 1 1 1 2 2 2 2 2 2 2 2 2 2 3 3 3 7 
Case #202: 18 1 1 1 1 1 1 1 1 1 2 2 2 2 2 3 3 3 13 
Case #203: 12 1 1 1 1 2 3 3 5 5 5 7 7 
Case #204: 26 1 1 1 1 1 1 1 1 1 1 1 1 1 1 1 1 2 2 2 2 2 2 2 2 2 7 
Case #205: 17 1 1 1 1 1 1 1 1 1 1 1 1 1 1 1 3 23 
Case #206: 17 1 1 1 1 1 1 1 1 1 1 1 2 2 2 2 3 19 
Case #207: 20 1 1 1 1 1 1 1 1 1 1 2 2 2 3 3 3 3 3 5 5 
Case #208: 16 1 1 1 1 1 1 1 2 2 2 3 3 3 3 5 11 
Case #209: 23 1 1 1 1 1 1 1 1 1 1 1 1 1 2 2 2 2 2 2 3 3 3 7 
Case #210: 24 1 1 1 1 1 1 1 1 1 1 1 1 1 1 2 2 2 2 2 2 2 3 5 5 
Case #211: 19 1 1 1 1 1 1 1 1 1 2 2 2 2 3 3 3 3 5 7 
Case #212: -1
Case #213: 3 5 17 19 
Case #214: 15 1 1 1 1 1 2 2 3 3 3 3 3 3 3 11 
Case #215: 20 1 1 1 1 1 1 1 1 1 1 1 1 1 1 1 2 3 3 7 11 
Case #216: 13 1 1 1 2 2 2 2 3 3 5 5 7 7 
Case #217: 24 1 1 1 1 1 1 1 1 1 1 1 1 1 1 1 1 1 2 2 2 3 5 5 5 
Case #218: 21 1 1 1 1 1 1 1 1 2 2 2 2 2 2 2 2 2 2 3 5 5 
Case #219: 21 1 1 1 1 1 1 1 1 1 2 2 2 2 2 2 2 2 3 3 3 7 
Case #220: 12 1 1 1 1 2 2 2 3 7 7 7 7 
Case #221: 18 1 1 1 1 1 1 1 1 2 2 2 2 2 3 3 5 5 7 
Case #222: -1
Case #223: 18 1 1 1 1 1 1 1 2 2 2 2 2 2 2 3 3 7 7 
Case #224: 14 1 1 1 2 2 2 3 3 3 3 3 5 5 7 
Case #225: 21 1 1 1 1 1 1 1 1 2 2 2 2 2 2 2 2 3 3 3 3 5 
Case #226: 18 1 1 1 1 1 1 2 2 2 2 2 3 3 3 3 3 5 5 
Case #227: 6 2 3 5 7 11 13 
Case #228: 20 1 1 1 1 1 1 1 1 1 1 1 1 1 2 3 3 3 3 3 11 
Case #229: 20 1 1 1 1 1 1 1 1 1 1 1 1 1 1 1 1 1 2 5 17 
Case #230: 31 1 1 1 1 1 1 1 1 1 1 1 1 1 1 1 1 1 1 1 1 1 1 1 1 1 1 1 1 3 5 5 
Case #231: 27 1 1 1 1 1 1 1 1 1 1 1 1 1 1 1 1 1 2 2 2 2 2 2 3 3 3 3 
Case #232: 32 1 1 1 1 1 1 1 1 1 1 1 1 1 1 1 1 1 1 1 1 1 1 1 1 1 1 2 2 2 3 3 3 
Case #233: 24 1 1 1 1 1 1 1 1 1 1 1 1 1 1 1 1 2 2 2 3 3 3 3 7 
Case #234: 18 1 1 1 1 1 1 1 1 1 2 2 2 3 3 5 5 5 5 
Case #235: 18 1 1 1 1 1 1 1 1 1 1 1 2 2 2 3 3 5 13 
Case #236: -1
Case #237: 19 1 1 1 2 2 2 2 2 2 2 2 2 2 2 2 3 3 3 5 
Case #238: 24 1 1 1 1 1 1 1 1 1 1 1 1 2 2 2 2 2 2 2 3 3 3 3 3 
Case #239: 29 1 1 1 1 1 1 1 1 1 1 1 1 1 1 1 1 1 1 1 1 1 1 1 2 2 3 3 3 5 
Case #240: -1
Case #241: 12 1 1 1 2 2 2 3 3 5 7 7 7 
Case #242: 32 1 1 1 1 1 1 1 1 1 1 1 1 1 1 1 1 1 1 1 1 1 1 1 1 1 1 1 1 1 2 3 7 
Case #243: 21 1 1 1 1 1 1 1 1 1 1 1 1 1 1 1 1 1 1 1 5 17 
Case #244: 13 1 1 1 1 1 2 2 2 2 3 3 11 11 
Case #245: 19 1 1 1 1 1 1 1 1 1 3 3 3 3 3 3 3 3 3 5 
Case #246: -1
Case #247: 33 1 1 1 1 1 1 1 1 1 1 1 1 1 1 1 1 1 1 1 1 1 1 1 1 1 1 1 1 1 1 2 2 7 
Case #248: 24 1 1 1 1 1 1 1 1 1 1 1 1 1 1 1 1 1 1 2 3 3 3 5 7 
Case #249: 27 1 1 1 1 1 1 1 1 1 1 1 1 1 1 1 1 2 2 2 2 2 2 2 2 2 2 5 
Case #250: 14 1 1 1 1 1 1 2 2 2 3 3 3 3 17 
Case #251: 33 1 1 1 1 1 1 1 1 1 1 1 1 1 1 1 1 1 1 1 1 1 1 1 1 1 1 2 2 2 2 2 2 3 
Case #252: 16 1 1 1 1 1 2 2 2 2 2 2 2 3 3 5 11 
Case #253: -1
Case #254: 18 1 1 1 1 1 2 2 2 2 2 2 2 2 2 3 5 5 5 
Case #255: -1
Case #256: 16 1 1 1 1 1 1 1 1 1 1 2 3 3 3 7 13 
Case #257: 15 1 1 2 2 2 2 2 2 2 2 3 5 5 5 5 
Case #258: 15 1 1 1 1 1 2 2 3 3 3 3 5 5 5 5 
Case #259: 22 1 1 1 1 1 1 1 1 1 1 2 2 2 2 2 2 2 2 2 3 5 5 
Case #260: 27 1 1 1 1 1 1 1 1 1 1 1 1 1 1 1 1 1 1 1 1 1 1 2 2 3 5 7 
Case #261: 13 1 1 2 2 2 2 2 2 2 2 3 7 13 
Case #262: 21 1 1 1 1 1 1 1 1 1 1 1 1 1 1 1 1 1 1 2 2 19 
Case #263: 17 1 1 2 2 2 2 2 2 2 2 2 2 2 2 3 5 7 
Case #264: 24 1 1 1 1 1 1 1 1 1 1 1 2 2 2 2 2 2 2 2 2 2 2 3 5 
Case #265: -1
Case #266: 17 1 1 1 1 2 2 2 2 2 2 2 2 2 2 5 5 7 
Case #267: 21 1 1 1 1 1 1 2 2 2 2 2 2 2 2 2 2 2 2 3 3 5 
Case #268: 25 1 1 1 1 1 1 1 1 1 1 1 1 1 1 1 1 1 1 1 1 1 1 3 3 13 
Case #269: 19 1 1 1 1 1 1 1 1 1 1 1 2 2 3 3 5 5 5 5 
Case #270: -1
Case #271: 15 1 1 1 1 1 2 2 2 2 3 3 3 5 7 7 
Case #272: 15 1 1 1 1 1 1 1 1 1 1 1 1 1 5 23 
Case #273: 33 1 1 1 1 1 1 1 1 1 1 1 1 1 1 1 1 1 1 1 1 1 1 1 1 1 1 1 1 2 2 2 2 5 
Case #274: -1
Case #275: 21 1 1 1 1 1 1 1 1 1 1 1 2 2 2 2 2 2 3 5 5 5 
Case #276: -1
Case #277: -1
Case #278: -1
Case #279: -1
Case #280: -1
Case #281: 19 1 1 1 1 1 1 2 2 2 2 2 2 3 3 3 3 3 3 5 
Case #282: -1
Case #283: -1
Case #284: -1
Case #285: -1
Case #286: 19 1 1 1 1 1 1 1 2 2 2 2 2 2 3 3 3 3 5 5 
Case #287: 11 1 1 2 2 2 2 2 2 3 11 13 
Case #288: -1
Case #289: 21 1 1 1 1 1 1 1 1 1 2 2 2 2 2 2 2 2 3 3 5 5 
Case #290: 22 1 1 1 1 1 1 1 1 1 1 1 1 1 1 1 2 3 3 3 5 5 5 
Case #291: 17 1 1 1 1 1 1 2 2 2 2 2 2 3 3 3 3 11 
Case #292: 20 1 1 1 1 2 2 2 2 2 2 2 2 2 2 2 2 2 3 3 5 
Case #293: -1
Case #294: 25 1 1 1 1 1 1 1 1 1 1 1 1 1 1 1 2 2 2 2 2 2 2 2 5 5 
Case #295: 17 1 1 1 1 1 1 1 1 1 1 2 2 3 3 7 7 7 
Case #296: 16 1 1 1 1 1 2 2 2 2 2 2 2 3 5 7 7 
Case #297: 23 1 1 1 1 1 1 1 1 2 2 2 2 2 2 2 2 2 2 2 2 2 2 5 
Case #298: 26 1 1 1 1 1 1 1 1 1 1 1 1 1 1 1 1 1 1 1 2 2 2 3 3 5 5 
Case #299: 15 1 1 1 1 2 2 2 2 2 2 2 2 3 5 13 
Case #300: 18 1 1 1 1 1 2 2 2 2 2 3 3 3 3 3 3 3 5 
Case #301: 14 1 1 1 2 2 2 2 2 2 2 3 5 5 11 
Case #302: 15 1 1 1 1 1 1 1 2 2 2 2 3 5 7 11 
Case #303: -1
Case #304: 18 1 1 1 1 1 1 1 1 1 2 3 3 3 3 3 3 5 7 
Case #305: 17 1 1 1 1 1 1 1 1 1 1 2 2 3 5 5 7 7 
Case #306: 20 1 1 1 1 1 1 1 1 1 1 1 2 2 2 2 2 5 5 5 5 
Case #307: 12 1 1 1 2 3 3 3 3 5 5 7 7 
Case #308: 20 1 1 1 1 1 1 1 1 1 1 1 2 2 2 2 2 3 5 5 7 
Case #309: 16 1 1 1 1 1 1 2 2 2 2 2 3 5 5 5 7 
Case #310: 20 1 1 1 1 1 1 1 2 2 2 2 2 3 3 3 3 3 3 3 3 
Case #311: 14 1 1 1 1 1 2 2 2 2 2 2 2 3 19 
Case #312: 29 1 1 1 1 1 1 1 1 1 1 1 1 1 1 1 1 1 1 2 2 2 2 2 2 2 2 2 2 3 
Case #313: 23 1 1 1 1 1 1 1 1 1 1 1 1 1 1 2 2 2 2 2 2 5 5 5 
Case #314: 29 1 1 1 1 1 1 1 1 1 1 1 1 1 1 1 1 1 1 1 1 1 1 1 1 1 1 2 2 11 
Case #315: -1
Case #316: 28 1 1 1 1 1 1 1 1 1 1 1 1 1 1 1 1 1 1 1 1 1 1 2 3 3 3 3 5 
Case #317: 16 1 1 1 1 1 1 1 1 1 1 2 3 3 5 7 11 
Case #318: 16 1 1 1 2 2 2 2 2 2 2 3 3 3 5 5 5 
Case #319: 26 1 1 1 1 1 1 1 1 1 1 1 1 1 1 1 1 1 1 1 2 2 2 3 3 3 7 
Case #320: 16 1 1 1 2 2 2 2 2 2 2 3 3 3 3 5 7 
Case #321: -1
Case #322: 19 1 1 1 1 1 1 1 1 2 2 2 2 3 3 3 3 3 3 7 
Case #323: 29 1 1 1 1 1 1 1 1 1 1 1 1 1 1 1 1 1 1 1 1 1 1 1 1 1 1 3 5 7 
Case #324: 20 1 1 1 1 1 1 1 1 1 1 1 1 1 1 2 2 2 5 5 11 
Case #325: 19 1 1 1 1 1 1 2 2 2 2 2 2 2 2 3 3 3 5 5 
Case #326: 12 1 1 1 2 3 3 3 3 3 5 5 11 
Case #327: 30 1 1 1 1 1 1 1 1 1 1 1 1 1 1 1 1 1 1 1 1 1 1 2 2 2 2 2 3 3 3 
Case #328: 21 1 1 1 1 1 1 1 1 1 1 1 1 1 1 1 1 1 1 1 11 11 
Case #329: 17 1 1 1 1 1 1 1 1 2 2 2 2 2 2 7 7 7 
Case #330: -1
Case #331: 21 1 1 1 1 1 1 1 1 1 1 2 2 2 2 2 2 3 3 3 5 5 
Case #332: 14 1 1 1 1 2 2 2 2 2 2 2 5 7 11 
Case #333: 19 1 1 1 1 1 1 1 2 2 2 2 2 2 2 2 3 5 5 5 
Case #334: 24 1 1 1 1 1 1 1 1 1 1 1 1 1 1 2 2 2 2 2 3 3 3 3 5 
Case #335: 20 1 1 1 1 1 1 1 1 1 1 1 2 2 2 2 2 3 3 7 7 
Case #336: -1
Case #337: 17 1 1 1 1 1 1 1 2 2 2 2 3 3 3 3 7 7 
Case #338: 30 1 1 1 1 1 1 1 1 1 1 1 1 1 1 1 1 1 1 1 1 1 1 2 2 2 2 2 2 2 5 
Case #339: -1
Case #340: 16 1 1 1 2 2 2 2 2 2 2 2 2 3 5 5 7 
Case #341: 20 1 1 1 1 1 1 1 1 1 1 1 1 1 1 2 2 2 3 7 11 
Case #342: -1
Case #343: 18 1 1 1 1 1 1 2 2 2 2 2 2 2 3 3 5 5 5 
Case #344: -1
Case #345: 11 1 1 1 1 1 1 1 1 2 2 29 
Case #346: 13 1 1 1 1 1 1 2 2 3 3 5 7 13 
Case #347: -1
Case #348: -1
Case #349: -1
Case #350: 20 1 1 1 1 1 1 1 1 2 2 2 2 2 2 2 2 2 3 5 7 
Case #351: 18 1 1 1 1 1 1 1 1 1 1 2 2 2 2 2 3 7 11 
Case #352: -1
Case #353: 25 1 1 1 1 1 1 1 1 1 1 1 1 1 1 1 1 1 1 1 2 2 3 3 5 7 
Case #354: 19 1 1 1 1 1 1 1 1 1 1 2 2 2 2 2 2 3 5 11 
Case #355: 21 1 1 1 1 1 1 1 1 1 1 1 2 2 2 2 2 2 2 2 7 7 
Case #356: 12 1 1 1 1 1 2 2 2 3 3 5 19 
Case #357: 19 1 1 1 1 1 1 1 1 1 2 2 2 2 3 3 3 5 5 5 
Case #358: 32 1 1 1 1 1 1 1 1 1 1 1 1 1 1 1 1 1 1 1 1 1 1 1 1 1 2 2 2 2 2 3 3 
Case #359: 16 1 1 1 1 1 2 2 2 2 2 3 3 3 3 7 7 
Case #360: 18 1 1 1 1 1 1 1 1 1 2 2 2 3 3 3 3 7 7 
Case #361: 14 1 1 1 2 2 2 2 2 2 2 3 3 5 13 
Case #362: -1
Case #363: 10 1 1 2 2 2 3 5 7 7 11 
Case #364: 21 1 1 1 1 1 1 1 1 1 1 1 1 1 2 2 2 2 3 3 3 11 
Case #365: 28 1 1 1 1 1 1 1 1 1 1 1 1 1 1 1 1 1 1 1 1 1 1 1 1 2 2 2 11 
Case #366: -1
Case #367: 21 1 1 1 1 1 1 1 1 1 1 1 2 2 2 2 2 2 3 3 5 7 
Case #368: 28 1 1 1 1 1 1 1 1 1 1 1 1 1 1 1 1 1 1 1 1 1 1 1 1 1 2 3 11 
Case #369: 28 1 1 1 1 1 1 1 1 1 1 1 1 1 1 1 1 1 1 1 2 2 2 2 2 2 2 3 5 
Case #370: -1
Case #371: 33 1 1 1 1 1 1 1 1 1 1 1 1 1 1 1 1 1 1 1 1 1 1 1 1 1 1 1 1 1 1 1 3 7 
Case #372: 14 1 1 1 1 1 2 2 2 3 3 3 3 5 13 
Case #373: 21 1 1 1 1 1 1 1 1 1 2 2 2 2 2 2 3 3 3 3 3 5 
Case #374: 15 1 1 1 1 2 2 2 2 2 2 3 5 5 5 7 
Case #375: 11 1 1 1 2 2 2 2 3 3 11 13 
Case #376: 25 1 1 1 1 1 1 1 1 1 1 2 2 2 2 2 2 2 2 2 2 2 2 2 2 3 
Case #377: 17 1 1 1 1 1 1 2 2 2 2 3 3 3 3 5 5 5 
Case #378: -1
Case #379: -1
Case #380: 22 1 1 1 1 1 1 1 2 2 2 2 2 2 2 2 2 2 2 2 2 3 5 
Case #381: 19 1 1 1 1 1 1 1 1 1 1 1 1 1 1 1 1 1 7 17 
Case #382: 26 1 1 1 1 1 1 1 1 1 1 1 1 1 1 1 1 1 2 2 2 2 2 3 3 3 5 
Case #383: 17 1 1 1 1 1 1 1 1 1 2 2 2 2 2 2 7 13 
Case #384: 22 1 1 1 1 1 1 1 1 1 1 1 2 2 2 2 2 2 2 2 2 5 7 
Case #385: 27 1 1 1 1 1 1 1 1 1 1 1 1 1 1 1 1 1 1 1 1 1 1 1 1 2 2 13 
Case #386: 30 1 1 1 1 1 1 1 1 1 1 1 1 1 1 1 1 1 1 1 1 1 1 1 1 1 1 1 2 5 7 
Case #387: 19 1 1 1 1 1 1 1 1 1 1 1 2 2 2 2 3 3 3 13 
Case #388: 23 1 1 1 1 1 1 1 1 1 1 1 1 1 1 1 1 1 1 1 1 1 1 19 
Case #389: -1
Case #390: -1
Case #391: 20 1 1 1 1 1 1 1 1 1 2 2 2 2 2 3 3 3 3 5 5 
Case #392: 19 1 1 1 1 1 1 1 1 1 1 1 1 1 1 1 1 1 5 19 
Case #393: 16 1 1 1 1 1 2 2 2 2 2 3 3 3 3 3 11 
Case #394: -1
Case #395: 18 1 1 1 1 1 1 1 2 2 2 3 3 3 3 3 3 5 5 
Case #396: 11 1 1 2 2 2 2 3 5 5 7 11 
Case #397: 18 1 1 1 1 1 1 1 2 2 2 2 2 2 2 3 5 5 7 
Case #398: 10 1 1 1 2 3 3 5 5 7 13 
Case #399: -1
Case #400: 23 1 1 1 1 1 1 1 1 1 1 1 1 1 1 1 1 2 2 3 3 3 5 7 
Case #401: -1
Case #402: -1
Case #403: -1
Case #404: 17 1 1 1 1 2 2 2 2 2 2 3 3 3 3 3 5 5 
Case #405: -1
Case #406: 22 1 1 1 1 1 1 1 1 1 1 1 1 2 2 2 3 3 3 3 3 3 5 
Case #407: 17 1 1 1 2 2 2 2 2 2 2 2 3 3 3 3 5 5 
Case #408: 15 1 1 1 1 1 1 1 2 2 3 3 3 5 5 11 
Case #409: 24 1 1 1 1 1 1 1 1 1 1 1 1 1 1 1 1 1 2 2 2 2 2 3 11 
Case #410: 22 1 1 1 1 1 1 1 1 1 1 2 2 2 2 2 2 2 3 3 3 3 5 
Case #411: -1
Case #412: -1
Case #413: -1
Case #414: 17 1 1 1 1 1 1 1 2 2 2 2 2 2 3 3 5 11 
Case #415: 16 1 1 1 1 1 1 1 1 1 1 2 3 5 5 5 11 
Case #416: 23 1 1 1 1 1 1 1 1 1 1 1 1 1 1 1 1 1 1 2 2 3 5 11 
Case #417: 14 1 1 1 1 1 1 2 2 2 3 3 5 5 13 
Case #418: 22 1 1 1 1 1 1 1 1 1 1 1 1 1 1 2 2 2 2 2 3 7 7 
Case #419: 15 1 1 1 2 2 2 2 3 3 3 3 3 5 5 5 
Case #420: 20 1 1 1 1 1 2 2 2 2 2 2 2 2 2 3 3 3 3 3 3 
Case #421: -1
Case #422: 20 1 1 1 1 1 1 1 1 1 1 1 1 2 2 2 3 3 3 3 11 
Case #423: 22 1 1 1 1 1 1 1 1 1 1 1 1 1 1 1 2 2 2 3 5 5 7 
Case #424: -1
Case #425: 20 1 1 1 1 1 1 1 1 1 1 1 2 2 2 3 3 3 3 5 7 
Case #426: 18 1 1 1 1 1 1 1 1 1 1 1 1 1 1 1 1 2 23 
Case #427: 14 1 1 1 2 2 2 2 2 3 5 5 5 5 5 
Case #428: 16 1 1 1 1 1 1 1 1 2 2 2 2 2 3 3 17 
Case #429: 30 1 1 1 1 1 1 1 1 1 1 1 1 1 1 1 1 1 1 1 1 1 1 1 1 1 1 2 3 3 7 
Case #430: 22 1 1 1 1 1 1 1 1 1 1 1 1 1 1 2 2 2 3 3 3 5 7 
Case #431: 13 1 1 1 2 2 2 2 3 3 3 3 5 13 
Case #432: -1
Case #433: 19 1 1 1 1 1 1 2 2 2 2 2 2 2 2 2 2 5 5 5 
Case #434: 31 1 1 1 1 1 1 1 1 1 1 1 1 1 1 1 1 1 1 1 1 1 1 1 1 2 2 2 2 2 2 5 
Case #435: 38 1 1 1 1 1 1 1 1 1 1 1 1 1 1 1 1 1 1 1 1 1 1 1 1 1 1 1 1 1 1 1 1 1 1 1 2 2 2 
Case #436: 17 1 1 1 1 2 2 2 2 2 2 2 2 3 3 5 5 5 
Case #437: 21 1 1 1 1 1 1 1 1 1 2 2 2 2 3 3 3 3 3 3 3 3 
Case #438: 19 1 1 1 1 1 1 1 1 2 2 2 2 2 2 2 2 5 5 7 
Case #439: 23 1 1 1 1 1 1 1 1 1 1 1 1 1 2 2 2 2 2 2 2 2 5 7 
Case #440: 16 1 1 1 1 1 2 2 2 2 2 2 2 5 5 5 7 
Case #441: 8 1 1 2 2 2 3 7 23 
Case #442: 20 1 1 1 1 1 1 1 1 1 1 1 2 2 2 2 2 3 3 3 11 
Case #443: 16 1 1 1 2 2 2 2 2 2 2 2 2 3 3 7 7 
Case #444: 21 1 1 1 1 1 1 1 1 1 1 1 1 2 2 2 2 3 3 3 5 7 
Case #445: -1
Case #446: 25 1 1 1 1 1 1 1 1 1 1 1 1 1 1 1 1 1 1 1 1 1 1 1 5 13 
Case #447: 21 1 1 1 1 1 1 1 1 2 2 2 2 2 2 2 2 2 2 3 3 7 
Case #448: 25 1 1 1 1 1 1 1 1 1 1 1 1 1 1 1 1 1 1 1 1 1 3 3 7 7 
Case #449: -1
Case #450: 16 1 1 1 1 2 2 2 2 2 2 2 3 3 5 5 7 
Case #451: 17 1 1 1 2 2 2 2 2 2 2 2 2 2 3 3 5 7 
Case #452: -1
Case #453: -1
Case #454: 23 1 1 1 1 1 1 1 1 1 1 1 2 2 2 2 2 2 2 2 3 3 3 5 
Case #455: -1
Case #456: 14 1 1 1 2 2 2 2 2 3 3 3 5 7 7 
Case #457: 18 1 1 1 2 2 2 2 2 2 2 2 2 3 3 3 3 3 5 
Case #458: 19 1 1 1 1 1 1 1 2 2 2 2 3 3 3 3 3 3 3 5 
Case #459: 23 1 1 1 1 1 1 1 1 1 1 1 1 1 1 1 2 2 2 2 3 3 5 7 
Case #460: 34 1 1 1 1 1 1 1 1 1 1 1 1 1 1 1 1 1 1 1 1 1 1 1 1 1 1 1 1 1 1 1 2 3 5 
Case #461: -1
Case #462: 20 1 1 1 1 1 1 1 1 1 1 1 2 2 2 3 3 3 5 5 5 
Case #463: 15 1 1 1 1 1 1 2 2 2 2 3 3 7 7 7 
Case #464: 18 1 1 1 1 2 2 2 2 2 2 2 2 2 3 3 3 5 5 
Case #465: 21 1 1 1 1 1 1 2 2 2 2 2 2 2 2 2 2 3 3 3 3 3 
Case #466: 25 1 1 1 1 1 1 1 1 1 1 1 1 1 1 1 1 2 2 2 2 3 3 3 3 5 
Case #467: 18 1 1 1 1 1 1 1 1 1 1 1 2 2 2 2 2 3 17 
Case #468: 22 1 1 1 1 1 1 1 2 2 2 2 2 2 2 2 2 2 2 3 3 3 3 
Case #469: 17 1 1 1 1 1 1 1 2 2 2 2 3 3 3 5 5 7 
Case #470: 17 1 1 1 1 2 2 2 2 2 2 2 2 3 3 3 5 7 
Case #471: 36 1 1 1 1 1 1 1 1 1 1 1 1 1 1 1 1 1 1 1 1 1 1 1 1 1 1 1 1 1 1 1 1 1 2 3 3 
Case #472: 22 1 1 1 1 1 1 1 1 1 1 1 1 1 1 2 2 2 2 2 5 5 7 
Case #473: 11 1 1 1 1 1 1 1 1 1 1 31 
Case #474: 21 1 1 1 1 1 1 1 1 1 1 1 1 1 2 2 3 3 3 5 5 5 
Case #475: 20 1 1 1 1 1 1 1 1 1 1 1 1 1 2 3 3 3 3 7 7 
Case #476: 18 1 1 1 1 1 1 1 1 1 1 2 2 2 3 3 5 7 7 
Case #477: 21 1 1 1 1 1 1 1 1 1 1 1 2 2 3 3 3 3 3 3 3 5 
Case #478: 5 1 1 1 1 37 
Case #479: -1
Case #480: 12 1 1 2 2 2 2 2 3 5 5 5 11 
Case #481: 18 1 1 1 1 2 2 2 2 2 2 2 2 2 2 2 3 5 7 
Case #482: 12 1 1 2 2 2 2 2 2 2 3 5 17 
Case #483: 17 1 1 1 1 1 1 1 2 2 2 2 2 2 3 3 3 13 
Case #484: -1
Case #485: 15 1 1 1 1 1 1 2 2 2 2 5 5 5 5 7 
Case #486: 25 1 1 1 1 1 1 1 1 1 1 1 1 1 1 1 1 1 1 1 3 3 3 3 5 5 
Case #487: -1
Case #488: 19 1 1 1 1 1 1 1 1 1 1 2 2 2 2 3 3 3 7 7 
Case #489: 11 1 1 2 2 2 2 2 2 3 5 19 
Case #490: 25 1 1 1 1 1 1 1 1 1 1 1 1 1 1 1 1 1 1 3 3 3 3 3 3 5 
Case #491: 15 1 1 1 1 1 1 1 1 1 2 2 2 2 5 19 
Case #492: 17 1 1 1 1 1 2 2 2 2 3 3 3 3 3 3 3 7 
Case #493: -1
Case #494: 22 1 1 1 1 1 1 1 1 1 1 2 2 2 2 2 2 2 2 2 3 3 7 
Case #495: 13 1 1 1 1 2 2 2 2 2 2 3 11 11 
Case #496: 19 1 1 1 1 1 2 2 2 2 2 2 2 2 3 3 3 3 3 5 
Case #497: 25 1 1 1 1 1 1 1 1 1 1 1 1 1 1 1 1 1 1 2 2 2 2 3 5 7 
Case #498: 28 1 1 1 1 1 1 1 1 1 1 1 1 1 1 1 1 1 1 1 1 1 1 1 1 1 1 2 13 
Case #499: 23 1 1 1 1 1 1 1 1 1 1 1 1 2 2 2 2 2 2 2 2 3 3 7 
Case #500: 23 1 1 1 1 1 1 1 1 1 1 1 1 1 1 1 2 2 3 3 3 3 5 5 
Case #501: 36 1 1 1 1 1 1 1 1 1 1 1 1 1 1 1 1 1 1 1 1 1 1 1 1 1 1 1 1 1 1 1 2 2 2 2 2 
Case #502: 20 1 1 1 1 1 1 1 2 2 2 2 2 2 2 2 2 3 3 3 7 
Case #503: 15 1 1 1 1 1 2 2 3 3 3 3 3 3 7 7 
Case #504: 14 1 1 1 1 1 1 2 3 3 3 3 5 5 11 
Case #505: -1
Case #506: 18 1 1 1 1 1 1 1 1 2 2 2 2 2 3 3 3 3 11 
Case #507: -1
Case #508: 19 1 1 1 1 1 1 2 2 2 2 2 2 2 2 2 2 3 5 7 
Case #509: -1
Case #510: 17 1 1 1 1 1 1 2 2 2 2 2 2 2 2 3 3 13 
Case #511: 32 1 1 1 1 1 1 1 1 1 1 1 1 1 1 1 1 1 1 1 1 1 1 1 1 1 1 1 1 2 3 3 5 
Case #512: 8 1 1 2 2 2 3 13 17 
Case #513: 21 1 1 1 1 1 1 1 1 1 1 1 1 1 1 1 3 3 3 5 5 7 
Case #514: 13 1 1 1 1 1 1 2 2 3 3 3 5 17 
Case #515: 26 1 1 1 1 1 1 1 1 1 1 1 1 2 2 2 2 2 2 2 2 2 2 2 2 2 3 
Case #516: 31 1 1 1 1 1 1 1 1 1 1 1 1 1 1 1 1 1 1 1 1 1 1 1 1 1 1 1 1 1 1 11 
Case #517: 25 1 1 1 1 1 1 1 1 1 1 1 1 1 2 2 2 2 2 2 2 2 3 3 3 3 
Case #518: 5 1 1 1 19 19 
Case #519: 18 1 1 1 2 2 2 2 2 2 2 2 2 2 2 3 3 5 5 
Case #520: 10 1 1 1 1 2 3 3 5 11 13 
Case #521: 21 1 1 1 1 1 1 1 1 1 1 1 1 1 1 2 2 3 5 5 5 5 
Case #522: 22 1 1 1 1 1 1 1 1 2 2 2 2 2 2 2 2 2 3 3 3 3 3 
Case #523: -1
Case #524: 23 1 1 1 1 1 1 1 1 1 1 1 2 2 2 2 2 2 2 2 2 2 3 7 
Case #525: 23 1 1 1 1 1 1 1 2 2 2 2 2 2 2 2 2 2 2 2 2 2 3 3 
Case #526: 15 1 1 1 1 1 2 2 3 3 3 3 3 5 5 7 
Case #527: 27 1 1 1 1 1 1 1 1 1 1 1 1 1 1 1 1 1 1 1 1 1 1 1 1 1 5 11 
Case #528: 27 1 1 1 1 1 1 1 1 1 1 1 1 1 1 1 1 1 1 1 2 2 2 2 2 2 5 5 
Case #529: 29 1 1 1 1 1 1 1 1 1 1 1 1 1 1 1 1 1 1 1 1 1 1 2 2 2 2 2 2 7 
Case #530: -1
Case #531: 31 1 1 1 1 1 1 1 1 1 1 1 1 1 1 1 1 1 1 1 1 1 1 1 1 1 1 2 2 3 3 5 
Case #532: -1
Case #533: 24 1 1 1 1 1 1 1 1 1 1 1 1 1 1 1 2 2 2 2 2 2 2 5 7 
Case #534: 22 1 1 1 1 2 2 2 2 2 2 2 2 2 2 2 2 2 2 2 2 2 3 
Case #535: 26 1 1 1 1 1 1 1 1 1 1 1 1 1 1 2 2 2 2 2 2 2 2 2 3 3 3 
Case #536: 3 1 17 23 
Case #537: 10 1 1 2 2 2 3 5 5 7 13 
Case #538: 22 1 1 1 1 1 1 2 2 2 2 2 2 2 2 2 2 2 2 2 3 3 3 
Case #539: 11 1 1 1 1 1 1 1 1 1 3 29 
Case #540: 19 1 1 1 1 1 1 1 2 2 2 2 2 2 2 2 2 2 3 11 
Case #541: 29 1 1 1 1 1 1 1 1 1 1 1 1 1 1 1 1 1 1 1 1 1 1 1 1 1 1 1 1 13 
Case #542: 26 1 1 1 1 1 1 1 1 1 1 1 1 1 1 1 1 1 1 2 3 3 3 3 3 3 3 
Case #543: 22 1 1 1 1 1 1 1 1 1 1 1 1 1 2 2 2 2 2 3 3 5 7 
Case #544: 16 1 1 1 1 1 1 2 2 2 2 2 3 3 3 3 13 
Case #545: 12 1 1 1 1 1 2 2 2 3 7 7 13 
Case #546: 14 1 1 1 1 1 1 2 2 2 3 3 3 7 13 
Case #547: -1
Case #548: 18 1 1 1 1 1 2 2 2 2 2 2 2 2 2 2 2 3 11 
Case #549: 13 1 1 1 1 1 2 2 3 3 5 7 7 7 
Case #550: 10 1 1 1 1 1 2 3 3 5 23 
Case #551: 13 1 1 1 1 1 2 2 3 3 5 5 5 11 
Case #552: 22 1 1 1 1 1 1 1 1 1 1 2 2 2 2 2 3 3 3 3 3 3 3 
Case #553: 18 1 1 1 1 1 1 1 1 1 1 2 3 3 3 5 5 5 5 
Case #554: 27 1 1 1 1 1 1 1 1 1 1 1 1 1 1 1 1 1 1 1 1 2 2 3 3 3 3 5 
Case #555: 3 11 13 17 
Case #556: 29 1 1 1 1 1 1 1 1 1 1 1 1 1 1 1 1 1 1 1 2 2 2 2 2 2 2 2 3 3 
Case #557: 12 1 1 1 1 1 2 3 3 5 5 5 13 
Case #558: 18 1 1 1 1 1 1 2 2 2 3 3 3 3 3 3 3 3 5 
Case #559: -1
Case #560: -1
Case #561: 37 1 1 1 1 1 1 1 1 1 1 1 1 1 1 1 1 1 1 1 1 1 1 1 1 1 1 1 1 1 1 1 1 1 1 1 3 3 
Case #562: 30 1 1 1 1 1 1 1 1 1 1 1 1 1 1 1 1 1 1 1 1 1 1 1 1 2 2 2 2 2 7 
Case #563: -1
Case #564: 16 1 1 1 1 2 2 2 2 2 2 2 2 2 5 7 7 
Case #565: -1
Case #566: -1
Case #567: 25 1 1 1 1 1 1 1 1 1 1 1 1 1 1 1 2 2 2 2 2 2 2 2 3 7 
Case #568: 31 1 1 1 1 1 1 1 1 1 1 1 1 1 1 1 1 1 1 1 1 1 1 2 2 2 2 2 2 2 2 3 
Case #569: 18 1 1 1 1 1 1 1 1 1 2 2 2 2 2 5 5 5 7 
Case #570: 20 1 1 1 1 1 1 1 2 2 2 2 2 2 2 3 3 3 3 3 5 
Case #571: 26 1 1 1 1 1 1 1 1 1 1 1 1 1 2 2 2 2 2 2 2 2 2 2 2 3 3 
Case #572: 19 1 1 1 1 1 1 1 1 2 2 2 2 2 2 3 3 5 5 5 
Case #573: 23 1 1 1 1 1 1 1 1 1 2 2 2 2 2 2 2 2 2 2 3 3 3 3 
Case #574: 22 1 1 1 1 1 1 1 1 1 1 1 1 1 1 2 3 3 3 3 3 5 5 
Case #575: 23 1 1 1 1 1 1 1 1 1 1 1 1 2 2 2 2 2 2 3 3 3 3 5 
Case #576: 19 1 1 1 1 1 1 2 2 2 2 2 2 2 2 3 3 3 3 7 
Case #577: 15 1 1 1 1 1 1 1 1 2 2 2 2 3 11 11 
Case #578: 21 1 1 1 1 1 1 1 1 1 1 1 1 1 1 1 1 2 2 5 5 11 
Case #579: 23 1 1 1 1 1 1 1 1 1 1 1 1 1 1 1 1 1 2 2 3 5 5 7 
Case #580: 18 1 1 1 1 2 2 2 2 2 2 2 3 3 3 3 3 3 5 
Case #581: 19 1 1 1 1 1 1 1 1 2 2 2 2 3 3 3 3 3 5 5 
Case #582: 19 1 1 1 1 1 1 1 1 2 2 2 2 2 2 3 3 3 5 7 
Case #583: -1
Case #584: 22 1 1 1 1 1 1 1 1 1 2 2 2 2 2 2 2 3 3 3 3 3 3 
Case #585: 14 1 1 1 2 3 3 3 3 3 3 3 5 5 5 
Case #586: -1
Case #587: 14 1 1 2 2 2 2 2 2 2 2 2 3 5 13 
Case #588: 16 1 1 1 1 2 2 2 2 2 2 2 3 3 3 7 7 
Case #589: 21 1 1 1 1 1 1 1 1 1 1 2 2 2 2 2 2 2 2 3 5 7 
Case #590: 17 1 1 1 1 1 1 1 1 1 1 1 2 2 3 3 3 17 
Case #591: 22 1 1 1 1 1 2 2 2 2 2 2 2 2 2 2 2 2 2 2 2 3 3 
Case #592: 16 1 1 1 1 1 2 2 2 2 2 3 3 5 5 5 5 
Case #593: 20 1 1 1 1 1 2 2 2 2 2 2 2 2 2 2 2 2 2 3 7 
Case #594: -1
Case #595: 15 1 1 1 1 2 2 3 3 3 3 3 3 3 5 7 
Case #596: 24 1 1 1 1 1 1 1 1 2 2 2 2 2 2 2 2 2 2 2 2 2 2 2 3 
Case #597: 14 1 1 1 1 2 2 2 2 2 3 3 5 5 11 
Case #598: 16 1 1 2 2 2 2 2 2 2 2 2 2 2 3 7 7 
Case #599: 16 1 1 1 1 2 2 2 2 2 2 2 2 2 3 5 11 
Case #600: 24 1 1 1 1 1 1 1 1 1 1 1 1 1 1 1 2 2 2 2 2 3 3 5 5 
Case #601: 12 1 1 1 2 3 3 3 3 3 3 5 13 
Case #602: 20 1 1 1 1 1 1 1 1 1 1 2 2 2 2 2 2 2 3 3 11 
Case #603: 16 1 1 1 1 1 2 2 2 2 2 2 2 3 3 3 13 
Case #604: 14 1 1 1 1 1 2 2 2 3 3 3 3 7 11 
Case #605: 4 1 1 2 37 
Case #606: 17 1 1 1 1 1 2 2 2 2 2 2 3 3 3 5 5 5 
Case #607: 17 1 1 1 1 1 1 1 1 2 2 3 3 3 3 3 7 7 
Case #608: 15 1 1 1 1 1 1 1 1 1 2 2 2 2 7 17 
Case #609: 19 1 1 1 1 1 1 1 1 1 1 2 2 3 3 3 3 3 5 7 
Case #610: 16 1 1 1 1 1 2 2 2 3 3 3 3 3 5 5 5 
Case #611: 15 1 1 1 1 1 2 2 2 2 3 5 5 5 5 5 
Case #612: 23 1 1 1 1 1 1 2 2 2 2 2 2 2 2 2 2 2 2 2 2 2 2 3 
Case #613: 15 1 1 1 1 1 1 2 2 3 3 3 5 5 5 7 
Case #614: 35 1 1 1 1 1 1 1 1 1 1 1 1 1 1 1 1 1 1 1 1 1 1 1 1 1 1 1 1 1 1 2 2 2 2 3 
Case #615: -1
Case #616: 6 1 1 1 2 17 19 
Case #617: 24 1 1 1 1 1 1 1 1 1 1 1 1 1 1 1 1 1 2 3 3 3 3 5 5 
Case #618: -1
Case #619: 23 1 1 1 1 1 1 1 1 1 1 1 1 1 2 2 2 2 3 3 3 3 3 5 
Case #620: 22 1 1 1 1 1 1 1 1 1 1 1 1 1 1 1 2 2 2 3 3 7 7 
Case #621: 19 1 1 1 1 1 1 1 1 1 1 1 2 2 2 2 3 3 5 11 
Case #622: 14 1 1 1 1 1 1 2 2 2 5 5 5 7 7 
Case #623: 13 1 1 1 1 1 2 2 3 3 3 3 3 17 
Case #624: 22 1 1 1 1 1 1 1 1 1 1 1 2 2 2 2 2 2 2 3 3 3 7 
Case #625: 20 1 1 1 1 1 1 1 1 2 2 2 2 2 2 2 3 3 3 5 5 
Case #626: 16 1 1 1 1 1 1 1 1 1 1 1 2 3 3 5 17 
Case #627: -1
Case #628: -1
Case #629: 23 1 1 1 1 1 1 1 1 1 1 1 1 1 1 1 1 2 2 2 2 3 7 7 
Case #630: 29 1 1 1 1 1 1 1 1 1 1 1 1 1 1 1 1 1 1 1 1 1 1 1 1 1 1 1 7 7 
Case #631: 40 1 1 1 1 1 1 1 1 1 1 1 1 1 1 1 1 1 1 1 1 1 1 1 1 1 1 1 1 1 1 1 1 1 1 1 1 1 1 1 2 
Case #632: 14 1 1 1 2 2 2 3 3 3 3 5 5 5 5 
Case #633: 9 1 1 1 1 1 1 2 2 31 
Case #634: 16 1 1 1 1 2 2 2 2 2 2 2 3 5 5 5 5 
Case #635: -1
Case #636: 20 1 1 1 1 1 1 2 2 2 2 2 2 2 3 3 3 3 3 3 3 
Case #637: -1
Case #638: 22 1 1 1 1 1 1 1 1 1 1 1 1 2 2 2 2 2 3 3 3 5 5 
Case #639: 23 1 1 1 1 1 1 1 1 1 1 1 1 1 1 1 1 3 3 3 3 3 5 5 
Case #640: 27 1 1 1 1 1 1 1 1 1 1 1 1 1 1 1 1 1 1 1 1 1 1 1 1 3 3 11 
Case #641: 22 1 1 1 1 1 1 1 1 1 1 1 1 2 2 2 2 2 2 2 5 5 5 
Case #642: 12 1 1 1 2 2 2 3 3 5 5 5 11 
Case #643: 9 1 1 1 1 1 1 1 3 31 
Case #644: 41 1 1 1 1 1 1 1 1 1 1 1 1 1 1 1 1 1 1 1 1 1 1 1 1 1 1 1 1 1 1 1 1 1 1 1 1 1 1 1 1 1 
Case #645: 13 1 1 1 1 1 1 2 2 3 5 5 7 11 
Case #646: 26 1 1 1 1 1 1 1 1 1 1 1 1 1 1 1 1 2 2 2 2 2 2 2 3 3 5 
Case #647: 33 1 1 1 1 1 1 1 1 1 1 1 1 1 1 1 1 1 1 1 1 1 1 1 1 1 1 1 1 2 2 3 3 3 
Case #648: 15 1 1 1 1 1 1 2 2 2 2 3 3 3 5 13 
Case #649: 19 1 1 1 1 1 1 1 1 2 2 3 3 3 3 3 3 3 3 5 
Case #650: 23 1 1 1 1 1 1 1 1 1 1 1 1 1 1 1 1 2 2 2 2 3 3 11 
Case #651: 21 1 1 1 1 1 1 1 1 1 1 1 1 1 1 1 2 2 3 5 7 7 
Case #652: -1
Case #653: 37 1 1 1 1 1 1 1 1 1 1 1 1 1 1 1 1 1 1 1 1 1 1 1 1 1 1 1 1 1 1 1 1 1 1 1 1 5 
Case #654: -1
Case #655: 16 1 1 1 2 2 2 2 2 3 3 3 3 3 3 5 5 
Case #656: -1
Case #657: 13 1 1 2 2 2 2 2 2 3 5 5 7 7 
Case #658: 16 1 1 1 1 1 1 1 1 2 2 2 3 3 3 5 13 
Case #659: 17 1 1 1 1 1 1 1 1 1 1 2 2 2 2 5 5 13 
Case #660: -1
Case #661: 22 1 1 1 1 1 1 1 1 2 2 2 2 2 2 2 2 2 2 2 2 2 7 
Case #662: 27 1 1 1 1 1 1 1 1 1 1 1 1 1 1 1 1 1 1 1 1 1 3 3 3 3 3 5 
Case #663: 21 1 1 1 1 1 1 1 1 1 1 1 1 1 1 2 2 3 3 5 5 7 
Case #664: 16 1 1 1 1 1 1 1 2 2 2 2 2 3 3 7 11 
Case #665: 31 1 1 1 1 1 1 1 1 1 1 1 1 1 1 1 1 1 1 1 1 1 1 1 1 1 1 1 3 3 3 5 
Case #666: 24 1 1 1 1 1 1 1 1 1 1 1 1 1 1 1 1 2 2 2 2 2 5 5 5 
Case #667: 24 1 1 1 1 1 1 1 1 1 2 2 2 2 2 2 2 2 2 2 2 2 2 3 3 
Case #668: 34 1 1 1 1 1 1 1 1 1 1 1 1 1 1 1 1 1 1 1 1 1 1 1 1 1 1 1 1 2 2 2 2 2 3 
Case #669: 13 1 1 1 1 1 2 2 2 2 3 3 5 17 
Case #670: 16 1 1 1 1 1 1 2 2 2 3 3 3 3 3 3 11 
Case #671: 24 1 1 1 1 1 1 1 1 1 1 1 1 1 1 1 1 1 1 2 3 3 5 5 5 
Case #672: 25 1 1 1 1 1 1 1 1 1 1 1 2 2 2 2 2 2 2 2 2 2 2 2 3 3 
Case #673: 27 1 1 1 1 1 1 1 1 1 1 1 1 1 1 1 1 1 1 2 2 2 2 2 2 3 3 5 
Case #674: 25 1 1 1 1 1 1 1 1 1 1 1 1 2 2 2 2 2 2 2 2 2 2 2 2 5 
Case #675: 32 1 1 1 1 1 1 1 1 1 1 1 1 1 1 1 1 1 1 1 1 1 1 1 1 1 1 2 2 2 2 2 5 
Case #676: 18 1 1 1 1 1 1 1 1 1 1 1 2 3 3 3 5 7 7 
Case #677: 26 1 1 1 1 1 1 1 1 1 1 1 1 1 1 1 1 1 1 2 2 2 2 2 3 5 5 
Case #678: -1
Case #679: 20 1 1 1 1 1 1 1 1 1 1 1 1 1 1 1 1 2 3 7 13 
Case #680: 21 1 1 1 2 2 2 2 2 2 2 2 2 2 2 2 2 2 2 2 3 3 
Case #681: -1
Case #682: 17 1 1 1 1 1 1 1 1 1 1 2 2 3 3 5 5 11 
Case #683: 25 1 1 1 1 1 1 1 1 1 1 1 1 1 1 1 2 2 2 2 2 2 3 3 3 5 
Case #684: 16 1 1 1 1 1 1 1 1 1 2 2 2 2 2 3 19 
Case #685: 24 1 1 1 1 1 1 1 1 1 1 1 1 1 2 2 2 2 2 2 2 3 3 3 5 
Case #686: -1
Case #687: -1
Case #688: 26 1 1 1 1 1 1 1 1 1 1 1 1 1 1 1 2 2 2 2 2 2 2 3 3 3 3 
Case #689: -1
Case #690: -1
Case #691: -1
Case #692: 20 1 1 1 2 2 2 2 2 2 2 2 2 2 2 2 2 2 2 3 5 
Case #693: 17 1 1 1 1 1 1 1 2 2 2 2 2 2 3 5 7 7 
Case #694: 29 1 1 1 1 1 1 1 1 1 1 1 1 1 1 1 1 1 1 1 1 1 1 1 1 2 2 3 5 5 
Case #695: 17 1 1 1 1 1 1 1 1 1 1 1 1 2 2 7 7 11 
Case #696: -1
Case #697: 16 1 1 1 1 1 1 1 1 1 2 2 2 3 5 7 11 
Case #698: 7 1 1 1 5 5 11 17 
Case #699: 21 1 1 1 1 1 1 1 1 1 1 1 1 1 1 1 3 3 5 5 5 5 
Case #700: 24 1 1 1 1 1 1 1 1 1 1 1 1 1 1 1 1 1 2 2 2 3 3 5 7 
Case #701: 18 1 1 1 1 1 2 2 2 3 3 3 3 3 3 3 3 3 3 
Case #702: 18 1 1 1 1 1 1 1 2 2 2 2 2 3 3 3 3 5 7 
Case #703: 27 1 1 1 1 1 1 1 1 1 1 1 1 1 1 1 1 1 1 1 1 1 2 2 3 3 5 5 
Case #704: 12 1 1 2 2 2 2 2 2 2 3 11 11 
Case #705: -1
Case #706: -1
Case #707: 34 1 1 1 1 1 1 1 1 1 1 1 1 1 1 1 1 1 1 1 1 1 1 1 1 1 1 1 2 2 2 2 2 2 2 
Case #708: 20 1 1 1 1 1 1 1 1 1 1 2 2 2 3 3 3 3 3 3 7 
Case #709: 10 1 1 1 1 1 1 1 1 2 31 
Case #710: -1
Case #711: 21 1 1 1 1 1 1 1 1 1 1 1 1 2 2 2 2 2 2 3 7 7 
Case #712: -1
Case #713: 22 1 1 1 1 1 1 1 1 1 1 1 1 1 1 2 2 2 2 2 3 3 11 
Case #714: 25 1 1 1 1 1 1 1 1 1 1 1 1 1 1 1 1 2 2 2 2 2 2 3 5 5 
Case #715: 15 1 1 1 2 2 2 2 2 2 3 3 3 5 5 7 
Case #716: 33 1 1 1 1 1 1 1 1 1 1 1 1 1 1 1 1 1 1 1 1 1 1 1 1 1 1 1 1 1 1 1 5 5 
Case #717: 15 1 1 1 1 1 2 2 2 2 3 3 3 3 3 13 
Case #718: 21 1 1 1 1 1 1 1 1 1 1 1 1 3 3 3 3 3 3 3 3 5 
Case #719: 16 1 1 1 1 1 1 1 2 2 2 3 3 5 5 5 7 
Case #720: 17 1 1 1 1 1 1 1 1 1 1 1 2 2 3 5 7 11 
Case #721: 25 1 1 1 1 1 1 1 1 1 1 1 1 1 1 1 1 1 1 1 3 3 3 3 3 7 
Case #722: 10 1 1 1 2 3 3 3 5 11 11 
Case #723: -1
Case #724: 10 1 1 1 1 2 3 3 5 5 19 
Case #725: 20 1 1 1 1 1 2 2 2 2 2 2 2 2 2 2 2 3 3 3 5 
Case #726: 12 1 1 1 2 2 2 2 2 3 5 7 13 
Case #727: 16 1 1 1 1 1 1 1 1 1 2 2 2 2 2 5 17 
Case #728: -1
Case #729: 23 1 1 1 1 1 1 1 1 1 1 1 1 1 1 2 2 2 2 2 2 3 5 7 
Case #730: 5 1 1 3 17 19 
Case #731: 15 1 1 1 1 2 2 2 2 2 2 3 3 5 7 7 
Case #732: 24 1 1 1 1 1 1 1 1 1 1 1 1 1 1 1 1 2 2 2 3 3 3 5 5 
Case #733: -1
Case #734: 11 1 1 2 2 2 2 2 2 3 7 17 
Case #735: 22 1 1 1 1 1 1 1 1 1 1 1 1 1 1 2 2 2 3 3 5 5 5 
Case #736: 17 1 1 1 1 1 2 2 2 2 2 2 3 3 3 3 5 7 
Case #737: 11 1 1 2 2 2 2 3 7 7 7 7 
Case #738: 15 1 1 1 1 1 1 1 1 2 2 2 2 7 7 11 
Case #739: 14 1 1 1 1 1 1 2 2 2 2 2 5 7 13 
Case #740: 18 1 1 1 1 1 1 1 1 1 1 1 1 1 2 3 5 7 11 
Case #741: 18 1 1 1 1 1 2 2 2 2 2 2 2 2 2 3 3 5 7 
Case #742: 34 1 1 1 1 1 1 1 1 1 1 1 1 1 1 1 1 1 1 1 1 1 1 1 1 1 1 1 1 1 1 2 2 2 5 
Case #743: 19 1 1 1 1 1 1 1 1 1 1 1 1 1 1 1 1 1 1 23 
Case #744: 10 1 1 1 2 3 3 5 7 7 11 
Case #745: -1
Case #746: -1
Case #747: 16 1 1 1 1 1 1 2 2 2 3 3 3 3 3 7 7 
Case #748: 21 1 1 1 1 1 1 1 1 1 1 1 1 1 1 2 2 2 2 3 5 11 
Case #749: 20 1 1 1 1 1 1 1 1 2 2 2 2 2 2 2 3 3 3 3 7 
Case #750: 16 1 1 1 1 1 1 1 1 1 1 2 2 2 7 7 11 
Case #751: 24 1 1 1 1 1 1 1 1 1 1 1 1 1 1 2 2 2 2 2 2 2 3 3 7 
Case #752: -1
Case #753: 22 1 1 1 1 1 1 2 2 2 2 2 2 2 2 2 2 2 2 2 2 2 5 
Case #754: 24 1 1 1 1 1 1 1 1 1 1 2 2 2 2 2 2 2 2 2 2 2 3 3 3 
Case #755: 14 1 1 1 1 1 2 2 2 3 5 5 5 5 7 
Case #756: 19 1 1 1 1 1 1 1 2 2 2 2 2 2 3 3 3 3 3 7 
Case #757: 11 1 1 1 1 2 2 2 2 3 3 23 
Case #758: -1
Case #759: 12 1 1 2 2 2 3 5 5 5 5 5 5 
Case #760: 19 1 1 1 1 1 1 1 1 1 1 1 1 2 2 2 2 3 7 11 
Case #761: 22 1 1 1 1 1 1 1 1 1 1 1 1 1 2 3 3 3 3 3 3 3 5 
Case #762: 16 1 1 1 1 1 2 2 2 3 3 3 3 3 3 5 7 
Case #763: 16 1 1 1 1 1 1 1 2 3 3 3 3 5 5 5 5 
Case #764: 20 1 1 1 1 1 1 1 1 1 1 2 2 2 2 2 2 2 3 7 7 
Case #765: 13 1 1 1 1 2 2 3 3 3 3 5 5 11 
Case #766: 19 1 1 1 1 1 1 1 1 1 1 1 1 2 2 2 2 3 5 13 
Case #767: 20 1 1 2 2 2 2 2 2 2 2 2 2 2 2 2 2 2 2 2 5 
Case #768: 21 1 1 1 1 1 1 1 1 1 1 1 1 1 2 2 2 2 3 3 7 7 
Case #769: 16 1 1 1 1 1 1 1 1 2 2 2 3 3 5 5 11 
Case #770: 25 1 1 1 1 1 1 1 1 1 2 2 2 2 2 2 2 2 2 2 2 2 2 2 2 2 
Case #771: 15 1 1 1 1 1 1 1 1 2 2 2 2 3 3 19 
Case #772: 27 1 1 1 1 1 1 1 1 1 1 1 1 1 1 1 2 2 2 2 2 2 2 2 2 2 3 3 
Case #773: 20 1 1 1 1 1 1 1 1 1 1 2 3 3 3 3 3 3 3 3 5 
Case #774: 21 1 1 1 1 1 1 1 1 1 1 1 1 2 2 2 2 3 3 5 5 5 
Case #775: 23 1 1 1 1 1 1 1 1 1 1 1 1 1 1 2 2 2 2 3 3 3 5 5 
Case #776: 24 1 1 1 1 1 1 1 1 1 1 1 1 2 2 2 2 2 2 2 2 2 2 2 7 
Case #777: 28 1 1 1 1 1 1 1 1 1 1 1 1 1 1 1 1 1 1 1 1 1 1 2 2 2 3 3 7 
Case #778: 29 1 1 1 1 1 1 1 1 1 1 1 1 1 1 1 1 1 1 1 1 1 1 1 1 1 3 3 3 7 
Case #779: 24 1 1 1 1 1 1 1 1 1 1 1 1 1 2 2 2 2 2 2 2 2 2 5 5 
Case #780: 15 1 1 1 1 1 2 2 2 2 2 2 3 3 5 13 
Case #781: 13 1 1 1 1 1 2 2 2 2 3 3 3 19 
Case #782: -1
Case #783: -1
Case #784: 26 1 1 1 1 1 1 1 1 1 1 1 1 1 1 1 1 2 2 2 2 2 3 3 3 3 3 
Case #785: 24 1 1 1 1 1 1 1 1 1 1 1 1 1 2 2 2 2 2 3 3 3 3 3 3 
Case #786: -1
Case #787: 15 1 1 1 2 2 2 2 2 2 3 3 5 5 5 5 
Case #788: 16 1 1 1 1 1 1 1 1 2 2 2 3 3 7 7 7 
Case #789: 21 1 1 1 1 1 1 1 1 1 1 1 2 2 2 2 3 3 3 3 3 7 
Case #790: 38 1 1 1 1 1 1 1 1 1 1 1 1 1 1 1 1 1 1 1 1 1 1 1 1 1 1 1 1 1 1 1 1 1 1 1 1 2 3 
Case #791: 20 1 1 1 1 1 1 1 1 1 1 1 1 2 2 2 2 2 3 5 11 
Case #792: 26 1 1 1 1 1 1 1 1 1 1 1 1 1 1 1 2 2 2 2 2 2 2 2 2 3 5 
Case #793: 23 1 1 1 1 1 1 1 1 1 1 1 1 2 2 2 2 2 2 2 2 3 5 5 
Case #794: 28 1 1 1 1 1 1 1 1 1 1 1 1 1 1 1 1 1 1 2 2 2 2 2 2 2 3 3 3 
Case #795: -1
Case #796: -1
Case #797: 18 1 1 1 1 1 1 1 1 1 1 2 2 2 3 5 5 5 7 
Case #798: 30 1 1 1 1 1 1 1 1 1 1 1 1 1 1 1 1 1 1 1 1 1 1 1 1 1 1 1 1 2 11 
Case #799: 19 1 1 1 1 1 1 1 2 2 2 2 2 2 2 2 3 3 5 7 
Case #800: 11 1 1 1 2 2 2 2 3 3 5 19 
Case #801: 10 1 1 2 2 2 2 2 3 7 19 
Case #802: 31 1 1 1 1 1 1 1 1 1 1 1 1 1 1 1 1 1 1 1 1 1 1 1 1 1 1 1 1 3 3 7 
Case #803: 16 1 1 1 1 1 2 2 2 2 2 3 3 3 5 5 7 
Case #804: 14 1 1 2 2 2 2 2 2 2 3 5 5 5 7 
Case #805: 16 1 1 1 1 1 1 2 2 2 2 2 3 3 5 7 7 
Case #806: -1
Case #807: -1
Case #808: 17 1 1 1 1 1 1 1 1 1 2 2 3 3 3 5 7 7 
Case #809: 9 1 1 2 2 2 2 3 11 17 
Case #810: 27 1 1 1 1 1 1 1 1 1 1 1 1 1 1 1 1 1 1 1 1 2 2 2 2 3 3 7 
Case #811: 12 1 1 1 1 1 1 1 1 1 1 2 29 
Case #812: 18 1 1 1 1 1 1 1 1 1 1 1 1 2 3 3 3 7 11 
Case #813: 36 1 1 1 1 1 1 1 1 1 1 1 1 1 1 1 1 1 1 1 1 1 1 1 1 1 1 1 1 1 1 1 1 2 2 2 3 
Case #814: 14 1 1 1 1 1 1 2 3 3 3 5 5 7 7 
Case #815: -1
Case #816: 25 1 1 1 1 1 1 1 1 1 1 1 1 1 1 1 1 1 1 1 2 2 3 5 5 5 
Case #817: 27 1 1 1 1 1 1 1 1 1 1 1 1 1 1 1 1 1 1 1 2 2 2 2 3 3 3 5 
Case #818: 28 1 1 1 1 1 1 1 1 1 1 1 1 1 1 1 1 2 2 2 2 2 2 2 2 2 2 2 3 
Case #819: 23 1 1 1 1 1 1 1 1 1 1 1 1 1 2 2 2 2 2 2 3 3 5 5 
Case #820: 14 1 1 1 1 1 1 1 2 3 3 5 5 5 11 
Case #821: 22 1 1 1 1 1 1 1 1 1 1 1 2 2 2 3 3 3 3 3 3 3 3 
Case #822: 22 1 1 1 1 1 1 1 1 1 1 1 1 1 1 1 1 2 2 2 5 7 7 
Case #823: 18 1 1 1 1 1 1 1 1 1 1 1 2 2 2 5 5 7 7 
Case #824: -1
Case #825: -1
Case #826: 10 1 1 1 1 2 3 3 5 7 17 
Case #827: 10 1 1 2 2 2 2 2 3 13 13 
Case #828: 13 1 1 1 1 2 2 3 3 3 5 5 7 7 
Case #829: -1
Case #830: 23 1 1 1 1 1 1 1 1 1 2 2 2 2 2 2 2 2 2 2 2 2 3 5 
Case #831: 18 1 1 2 2 2 2 2 2 2 2 2 2 2 2 2 3 5 5 
Case #832: -1
Case #833: 17 1 1 1 1 1 1 1 1 2 2 2 2 3 5 5 5 7 
Case #834: 21 1 1 1 1 1 1 1 1 1 1 1 2 2 2 2 3 3 3 3 5 5 
Case #835: 16 1 1 1 2 2 2 3 3 3 3 3 3 3 3 3 5 
Case #836: 26 1 1 1 1 1 1 1 1 1 1 1 1 1 1 1 1 1 1 1 1 1 1 1 2 5 11 
Case #837: -1
Case #838: 14 1 1 1 1 1 2 2 2 2 2 5 7 7 7 
Case #839: 28 1 1 1 1 1 1 1 1 1 1 1 1 1 1 1 1 1 1 1 1 2 2 2 3 3 3 3 3 
Case #840: 25 1 1 1 1 1 1 1 1 1 1 1 1 1 1 2 2 2 2 2 2 3 3 3 3 3 
Case #841: 18 1 1 1 1 1 1 1 1 2 2 2 3 3 3 3 5 5 5 
Case #842: 17 1 1 1 1 1 2 2 3 3 3 3 3 3 3 3 3 5 
Case #843: 29 1 1 1 1 1 1 1 1 1 1 1 1 1 1 1 1 1 1 1 1 1 1 1 1 1 1 5 5 5 
Case #844: 25 1 1 1 1 1 1 1 1 1 1 1 1 1 1 1 1 1 1 1 1 1 1 1 7 11 
Case #845: -1
Case #846: 13 1 1 1 1 1 1 1 1 1 1 5 7 19 
Case #847: 11 1 1 1 2 2 2 2 3 3 7 17 
Case #848: 14 1 1 1 2 2 2 2 2 3 3 5 5 5 7 
Case #849: 21 1 1 1 1 1 1 1 1 1 1 2 2 2 2 2 2 2 2 5 5 5 
Case #850: 26 1 1 1 1 1 1 1 1 1 1 1 1 1 1 1 1 1 1 2 2 2 2 2 3 3 7 
Case #851: 15 1 1 1 1 2 2 2 2 3 3 3 5 5 5 5 
Case #852: -1
Case #853: 26 1 1 1 1 1 1 1 1 1 1 1 1 1 1 1 1 1 1 1 1 2 3 3 3 3 7 
Case #854: 17 1 1 1 1 1 1 1 2 2 3 3 3 3 3 3 5 7 
Case #855: 13 1 1 1 1 1 2 2 3 3 3 5 7 11 
Case #856: 17 1 1 1 1 1 1 1 1 1 2 2 2 2 2 2 3 17 
Case #857: -1
Case #858: 23 1 1 1 1 1 1 1 1 1 1 2 2 2 2 2 2 2 2 2 2 3 3 5 
Case #859: 25 1 1 1 1 1 1 1 1 1 1 1 1 1 1 1 1 1 1 1 1 1 1 1 1 17 
Case #860: -1
Case #861: -1
Case #862: 22 1 1 1 1 1 1 1 1 2 2 2 2 2 2 2 2 2 2 2 3 3 5 
Case #863: 15 1 1 1 2 2 2 2 2 2 2 2 3 3 5 11 
Case #864: -1
Case #865: 23 1 1 1 1 1 1 1 1 1 1 1 1 1 1 1 1 1 3 3 3 5 5 5 
Case #866: 13 1 1 1 1 1 1 1 2 2 5 5 7 13 
Case #867: 17 1 1 1 1 1 1 1 2 2 2 2 3 3 3 3 3 11 
Case #868: 21 1 1 2 2 2 2 2 2 2 2 2 2 2 2 2 2 2 2 2 2 3 
Case #869: 17 1 1 1 1 1 1 1 1 2 2 2 2 5 5 5 5 5 
Case #870: -1
Case #871: 21 1 2 2 2 2 2 2 2 2 2 2 2 2 2 2 2 2 2 2 2 2 
Case #872: -1
Case #873: 26 1 1 1 1 1 1 1 1 1 1 1 1 1 1 1 1 1 1 2 2 2 3 3 3 3 5 
Case #874: 14 1 1 1 1 1 2 2 2 2 2 3 5 7 11 
Case #875: 3 1 3 37 
Case #876: 25 1 1 1 1 1 1 1 1 1 1 1 1 1 1 1 1 1 1 1 1 2 2 3 3 11 
Case #877: 15 1 1 1 1 1 1 2 2 2 2 3 3 5 5 11 
Case #878: 23 1 1 1 1 1 1 1 1 1 1 1 2 2 2 2 2 2 2 2 2 2 5 5 
Case #879: 13 1 1 1 1 1 2 2 3 3 3 5 5 13 
Case #880: 17 1 1 1 1 1 1 2 2 2 2 2 2 3 3 5 5 7 
Case #881: -1
Case #882: 15 1 1 1 1 1 2 2 2 2 2 2 2 2 3 17 
Case #883: -1
Case #884: 24 1 1 1 1 1 1 1 1 1 1 1 1 1 1 1 1 1 1 1 1 1 1 2 17 
Case #885: 10 1 1 1 2 3 3 3 3 5 19 
Case #886: 19 1 1 1 1 1 1 1 1 1 1 2 2 2 2 3 3 5 5 7 
Case #887: 17 1 1 1 1 1 1 1 1 1 2 2 3 3 3 3 5 11 
Case #888: 24 1 1 1 1 1 1 1 1 1 1 2 2 2 2 2 2 2 2 2 2 2 2 2 5 
Case #889: 15 1 1 1 1 2 2 2 2 2 2 2 2 5 5 11 
Case #890: -1
Case #891: 20 1 1 1 1 1 1 1 1 1 2 2 2 2 2 3 3 3 3 3 7 
Case #892: 20 1 1 1 1 1 1 1 1 1 2 2 2 3 3 3 3 3 3 3 5 
Case #893: 18 1 1 1 1 1 1 1 1 1 1 2 3 3 3 3 3 7 7 
Case #894: 31 1 1 1 1 1 1 1 1 1 1 1 1 1 1 1 1 1 1 1 1 1 1 1 1 1 1 1 1 1 5 7 
Case #895: 13 1 1 1 1 2 2 2 2 2 2 3 5 17 
Case #896: 13 1 1 1 2 2 2 2 3 3 3 5 5 11 
Case #897: -1
Case #898: 23 1 1 1 1 1 1 1 1 1 1 1 1 1 1 1 2 2 2 2 3 5 5 5 
Case #899: 23 1 1 1 1 1 1 1 1 1 1 2 2 2 2 2 2 2 2 3 3 3 3 3 
Case #900: 26 1 1 1 1 1 1 1 1 1 1 1 2 2 2 2 2 2 2 2 2 2 2 2 2 2 2 
Case #901: 25 1 1 1 1 1 1 1 1 1 1 1 1 1 1 1 2 2 2 2 3 3 3 3 3 3 
Case #902: 12 1 1 1 2 2 2 2 2 3 3 5 17 
Case #903: 34 1 1 1 1 1 1 1 1 1 1 1 1 1 1 1 1 1 1 1 1 1 1 1 1 1 1 1 1 1 2 2 2 3 3 
Case #904: 35 1 1 1 1 1 1 1 1 1 1 1 1 1 1 1 1 1 1 1 1 1 1 1 1 1 1 1 1 1 1 1 1 1 3 5 
Case #905: 17 1 1 1 1 1 1 2 2 2 2 2 2 3 5 5 5 5 
Case #906: 20 1 1 1 1 1 1 1 1 1 1 1 1 1 2 2 2 3 3 5 11 
Case #907: 25 1 1 1 1 1 1 1 1 1 1 1 1 1 1 1 1 2 2 3 3 3 3 3 3 3 
Case #908: -1
Case #909: 18 1 1 1 1 1 1 2 2 2 2 2 2 2 2 2 3 3 11 
Case #910: 25 1 1 1 1 1 1 1 1 1 1 1 1 1 1 1 1 1 1 2 2 3 3 3 3 7 
Case #911: 18 1 1 1 1 1 1 1 1 2 2 2 3 3 3 3 3 5 7 
Case #912: 12 1 1 1 2 2 2 3 3 3 5 7 11 
Case #913: -1
Case #914: 18 1 1 1 1 1 1 1 1 1 2 2 2 2 2 3 3 5 11 
Case #915: 18 1 1 1 1 1 1 1 1 1 2 2 2 3 3 3 3 3 11 
Case #916: 21 1 1 1 1 1 1 1 1 2 2 2 2 2 2 3 3 3 3 3 3 3 
Case #917: 18 1 1 1 1 1 1 2 2 2 2 2 2 2 2 2 5 5 7 
Case #918: 14 1 1 1 1 2 2 2 2 2 2 2 3 7 13 
Case #919: -1
Case #920: 22 1 1 1 1 1 1 1 1 1 1 1 1 1 1 1 2 2 2 3 3 3 11 
Case #921: 19 1 1 1 1 1 1 1 1 1 1 1 1 1 2 2 3 3 5 13 
Case #922: 21 1 1 1 1 1 2 2 2 2 2 2 2 2 2 2 2 2 2 2 3 5 
Case #923: 21 1 1 1 1 1 1 1 2 2 2 2 2 2 2 2 2 2 2 2 3 7 
Case #924: 19 1 1 1 1 1 2 2 2 2 2 2 2 2 2 2 3 3 5 5 
Case #925: 34 1 1 1 1 1 1 1 1 1 1 1 1 1 1 1 1 1 1 1 1 1 1 1 1 1 1 1 1 1 1 1 1 2 7 
Case #926: 28 1 1 1 1 1 1 1 1 1 1 1 1 1 1 1 1 1 2 2 2 2 2 2 2 2 2 3 3 
Case #927: 25 1 1 1 1 1 1 1 1 1 1 1 1 1 1 1 1 2 2 2 2 2 2 3 3 7 
Case #928: 13 1 1 1 1 1 2 2 2 2 3 5 7 13 
Case #929: 16 1 1 1 1 1 1 1 2 2 2 3 3 3 5 7 7 
Case #930: 24 1 1 1 1 1 1 1 1 1 1 1 1 2 2 2 2 2 2 2 2 2 3 3 5 
Case #931: 21 1 1 1 1 1 1 1 1 1 1 2 2 2 2 3 3 3 3 3 3 5 
Case #932: 21 1 1 1 1 1 2 2 2 2 2 2 2 2 2 2 2 2 3 3 3 3 
Case #933: 18 1 1 1 1 1 1 1 1 1 1 1 1 2 2 2 5 5 13 
Case #934: 23 1 1 1 1 1 1 1 1 1 1 1 1 1 1 1 1 1 1 1 1 2 2 17 
Case #935: 21 1 1 1 1 1 1 1 1 1 1 1 1 1 2 2 2 2 3 5 5 7 
Case #936: 25 1 1 1 1 1 1 1 1 1 1 1 1 1 1 1 1 1 1 2 2 2 2 5 5 5 
Case #937: 20 1 1 1 1 1 1 2 2 2 2 2 2 2 2 2 3 3 3 3 5 
Case #938: -1
Case #939: 21 1 1 1 1 1 1 1 1 1 1 1 1 2 2 3 3 3 3 3 5 5 
Case #940: 26 1 1 1 1 1 1 1 1 1 1 1 1 1 1 2 2 2 2 2 2 2 2 2 2 2 5 
Case #941: 19 1 1 1 1 1 1 1 1 1 2 2 2 2 2 2 3 5 5 7 
Case #942: 12 1 1 1 2 2 2 3 3 3 5 5 13 
Case #943: 14 1 1 1 2 2 2 2 2 2 2 3 3 7 11 
Case #944: 26 1 1 1 1 1 1 1 1 1 1 1 1 1 1 1 1 1 1 1 1 1 1 2 2 2 13 
Case #945: 16 1 1 1 1 2 2 2 2 2 3 3 3 3 5 5 5 
Case #946: 13 1 1 1 1 2 2 3 3 3 3 3 5 13 
Case #947: 13 1 1 1 1 1 1 1 1 1 1 7 11 13 
Case #948: 17 1 1 1 1 1 1 1 1 2 2 3 3 3 3 5 5 7 
Case #949: 21 1 1 1 1 1 1 1 2 2 2 2 2 2 2 2 2 2 3 3 3 5 
Case #950: -1
Case #951: 19 1 1 1 1 1 1 1 1 1 1 1 1 2 2 3 3 3 5 11 
Case #952: 20 1 1 1 1 1 1 1 1 1 2 2 2 2 2 2 2 3 5 5 5 
Case #953: 33 1 1 1 1 1 1 1 1 1 1 1 1 1 1 1 1 1 1 1 1 1 1 1 1 1 1 1 1 1 3 3 3 3 
Case #954: -1
Case #955: -1
Case #956: -1
Case #957: 20 1 1 1 1 1 1 2 2 2 2 2 2 2 2 2 2 2 3 3 7 
Case #958: 17 1 1 1 1 1 1 1 1 2 2 2 2 3 3 3 5 11 
Case #959: 18 1 1 1 1 1 1 1 1 2 2 2 2 2 3 5 5 5 5 
Case #960: 27 1 1 1 1 1 1 1 1 1 1 1 1 1 1 2 2 2 2 2 2 2 2 2 2 2 2 3 
Case #961: 17 1 1 1 1 1 1 1 1 1 1 2 2 3 3 3 7 11 
Case #962: 28 1 1 1 1 1 1 1 1 1 1 1 1 1 1 1 1 1 1 1 1 1 2 2 2 2 2 3 7 
Case #963: 16 1 1 1 1 1 1 1 1 2 2 2 3 5 5 7 7 
Case #964: 18 1 1 1 1 1 1 1 2 2 2 2 2 2 2 3 3 3 11 
Case #965: 29 1 1 1 1 1 1 1 1 1 1 1 1 1 1 1 1 1 1 1 1 2 2 2 2 2 2 3 3 3 
